"metric","jurisdiction","date","value","previous_value","next_value","flag_decrease","flag_spike","flag_dip","flag_magnitude","flag_any","time_gap","anomaly_type"
"Offender Profiles","Alabama",2004-09-01,20294,20304,20294,TRUE,FALSE,FALSE,FALSE,TRUE,FALSE,"Decrease"
"Offender Profiles","Alabama",2008-07-01,157187,157932,160283,TRUE,FALSE,FALSE,FALSE,TRUE,FALSE,"Decrease"
"Offender Profiles","Alabama",2009-08-01,157187,172893,175965,TRUE,FALSE,FALSE,FALSE,TRUE,FALSE,"Decrease"
"Offender Profiles","Alabama",2010-08-01,183916,183963,186738,TRUE,FALSE,FALSE,FALSE,TRUE,FALSE,"Decrease"
"Offender Profiles","Alabama",2014-10-01,22192,221505,222930,TRUE,FALSE,TRUE,FALSE,TRUE,FALSE,"Dip"
"Offender Profiles","Alaska",2006-06-01,9593,10030,10284,TRUE,FALSE,FALSE,FALSE,TRUE,FALSE,"Decrease"
"Offender Profiles","Alaska",2006-08-01,10239,10284,10571,TRUE,FALSE,FALSE,FALSE,TRUE,FALSE,"Decrease"
"Offender Profiles","Alaska",2008-05-01,10954,10965,11593,TRUE,FALSE,FALSE,FALSE,TRUE,FALSE,"Decrease"
"Offender Profiles","Alaska",2008-07-01,10954,11593,11919,TRUE,FALSE,FALSE,FALSE,TRUE,FALSE,"Decrease"
"Offender Profiles","Alaska",2009-08-01,10954,16685,16887,TRUE,FALSE,FALSE,FALSE,TRUE,FALSE,"Decrease"
"Offender Profiles","Alaska",2020-03-01,24839,24840,24904,TRUE,FALSE,FALSE,FALSE,TRUE,FALSE,"Decrease"
"Offender Profiles","Arizona",2008-07-01,125692,126980,132686,TRUE,FALSE,FALSE,FALSE,TRUE,FALSE,"Decrease"
"Offender Profiles","Arizona",2009-08-01,125692,171178,173236,TRUE,FALSE,FALSE,FALSE,TRUE,FALSE,"Decrease"
"Offender Profiles","Arkansas",2008-07-01,87913,88996,90540,TRUE,FALSE,FALSE,FALSE,TRUE,FALSE,"Decrease"
"Offender Profiles","Arkansas",2009-08-01,87913,99023,101781,TRUE,FALSE,FALSE,FALSE,TRUE,FALSE,"Decrease"
"Offender Profiles","California",2008-07-01,996539,1008926,1032197,TRUE,FALSE,FALSE,FALSE,TRUE,FALSE,"Decrease"
"Offender Profiles","California",2009-08-01,996539,1173435,1229781,TRUE,FALSE,FALSE,FALSE,TRUE,FALSE,"Decrease"
"Offender Profiles","Colorado",2008-07-01,84366,86101,89700,TRUE,FALSE,FALSE,FALSE,TRUE,FALSE,"Decrease"
"Offender Profiles","Colorado",2009-08-01,84366,109287,115297,TRUE,FALSE,FALSE,FALSE,TRUE,FALSE,"Decrease"
"Offender Profiles","Colorado",2010-08-01,125413,125425,129503,TRUE,FALSE,FALSE,FALSE,TRUE,FALSE,"Decrease"
"Offender Profiles","Connecticut",2005-08-01,6233,6490,6233,TRUE,FALSE,FALSE,FALSE,TRUE,FALSE,"Decrease"
"Offender Profiles","Connecticut",2008-07-01,38575,39772,41194,TRUE,FALSE,FALSE,FALSE,TRUE,FALSE,"Decrease"
"Offender Profiles","Connecticut",2008-11-01,43397,43407,45429,TRUE,FALSE,FALSE,FALSE,TRUE,FALSE,"Decrease"
"Offender Profiles","Connecticut",2009-08-01,38575,50982,56835,TRUE,FALSE,FALSE,FALSE,TRUE,FALSE,"Decrease"
"Offender Profiles","Connecticut",2020-12-01,120931,120932,121169,TRUE,FALSE,FALSE,FALSE,TRUE,FALSE,"Decrease"
"Offender Profiles","Delaware",2004-02-01,1620,1624,1620,TRUE,FALSE,FALSE,FALSE,TRUE,FALSE,"Decrease"
"Offender Profiles","Delaware",2009-02-01,3878,3883,3883,TRUE,FALSE,FALSE,FALSE,TRUE,FALSE,"Decrease"
"Offender Profiles","Delaware",2009-08-01,2341,3884,3884,TRUE,FALSE,FALSE,FALSE,TRUE,FALSE,"Decrease"
"Offender Profiles","Delaware",2011-10-01,5629,5630,5629,TRUE,FALSE,FALSE,FALSE,TRUE,FALSE,"Decrease"
"Offender Profiles","Delaware",2013-04-01,5969,5970,6549,TRUE,FALSE,FALSE,FALSE,TRUE,FALSE,"Decrease"
"Offender Profiles","Delaware",2020-12-01,19703,19704,19836,TRUE,FALSE,FALSE,FALSE,TRUE,FALSE,"Decrease"
"Offender Profiles","Florida",2008-07-01,471562,481832,501331,TRUE,FALSE,FALSE,FALSE,TRUE,FALSE,"Decrease"
"Offender Profiles","Florida",2009-08-01,471562,617943,648480,TRUE,FALSE,FALSE,FALSE,TRUE,FALSE,"Decrease"
"Offender Profiles","Georgia",2006-05-01,109420,109437,112614,TRUE,FALSE,FALSE,FALSE,TRUE,FALSE,"Decrease"
"Offender Profiles","Georgia",2006-08-01,112613,112614,118777,TRUE,FALSE,FALSE,FALSE,TRUE,FALSE,"Decrease"
"Offender Profiles","Georgia",2006-11-01,120641,120815,120640,TRUE,FALSE,FALSE,FALSE,TRUE,FALSE,"Decrease"
"Offender Profiles","Georgia",2006-12-01,120640,120641,120640,TRUE,FALSE,FALSE,FALSE,TRUE,FALSE,"Decrease"
"Offender Profiles","Georgia",2007-03-01,125166,125169,127409,TRUE,FALSE,FALSE,FALSE,TRUE,FALSE,"Decrease"
"Offender Profiles","Georgia",2007-09-01,131693,131696,131693,TRUE,FALSE,FALSE,FALSE,TRUE,FALSE,"Decrease"
"Offender Profiles","Georgia",2009-02-01,167270,167285,167270,TRUE,FALSE,FALSE,FALSE,TRUE,FALSE,"Decrease"
"Offender Profiles","Georgia",2009-08-01,149331,180300,188592,TRUE,FALSE,FALSE,FALSE,TRUE,FALSE,"Decrease"
"Offender Profiles","Georgia",2011-08-01,220015,220354,224408,TRUE,FALSE,FALSE,FALSE,TRUE,FALSE,"Decrease"
"Offender Profiles","Hawaii",2007-06-01,2593,2595,2668,TRUE,FALSE,FALSE,FALSE,TRUE,FALSE,"Decrease"
"Offender Profiles","Hawaii",2008-07-01,9247,9561,10011,TRUE,FALSE,FALSE,FALSE,TRUE,FALSE,"Decrease"
"Offender Profiles","Hawaii",2009-08-01,9247,14483,15138,TRUE,FALSE,FALSE,FALSE,TRUE,FALSE,"Decrease"
"Offender Profiles","Hawaii",2013-07-01,27439,27440,27567,TRUE,FALSE,FALSE,FALSE,TRUE,FALSE,"Decrease"
"Offender Profiles","Hawaii",2021-10-01,39963,40039,40700,TRUE,FALSE,FALSE,FALSE,TRUE,FALSE,"Decrease"
"Offender Profiles","Idaho",2015-03-01,30204,30231,30204,TRUE,FALSE,FALSE,FALSE,TRUE,FALSE,"Decrease"
"Offender Profiles","Illinois",2004-02-01,29025,29158,34984,TRUE,FALSE,FALSE,FALSE,TRUE,FALSE,"Decrease"
"Offender Profiles","Illinois",2008-07-01,298975,301716,306229,TRUE,FALSE,FALSE,FALSE,TRUE,FALSE,"Decrease"
"Offender Profiles","Illinois",2009-08-01,298975,339938,351139,TRUE,FALSE,FALSE,FALSE,TRUE,FALSE,"Decrease"
"Offender Profiles","Indiana",2005-03-01,33074,33076,33089,TRUE,FALSE,FALSE,FALSE,TRUE,FALSE,"Decrease"
"Offender Profiles","Indiana",2008-07-01,104998,107473,112780,TRUE,FALSE,FALSE,FALSE,TRUE,FALSE,"Decrease"
"Offender Profiles","Indiana",2009-08-01,104998,133288,140292,TRUE,FALSE,FALSE,FALSE,TRUE,FALSE,"Decrease"
"Offender Profiles","Indiana",2012-09-01,187341,187392,191005,TRUE,FALSE,FALSE,FALSE,TRUE,FALSE,"Decrease"
"Offender Profiles","Iowa",2008-07-01,45519,45848,47446,TRUE,FALSE,FALSE,FALSE,TRUE,FALSE,"Decrease"
"Offender Profiles","Iowa",2009-08-01,45519,53341,53807,TRUE,FALSE,FALSE,FALSE,TRUE,FALSE,"Decrease"
"Offender Profiles","Iowa",2014-10-01,88237,88238,88237,TRUE,FALSE,FALSE,FALSE,TRUE,FALSE,"Decrease"
"Offender Profiles","Kansas",2004-04-01,8842,9771,8842,TRUE,FALSE,FALSE,FALSE,TRUE,FALSE,"Decrease"
"Offender Profiles","Kansas",2005-01-01,7537,8842,7537,TRUE,FALSE,FALSE,FALSE,TRUE,FALSE,"Decrease"
"Offender Profiles","Kansas",2005-03-01,7536,7537,7536,TRUE,FALSE,FALSE,FALSE,TRUE,FALSE,"Decrease"
"Offender Profiles","Kansas",2005-09-01,10965,10967,10965,TRUE,FALSE,FALSE,FALSE,TRUE,FALSE,"Decrease"
"Offender Profiles","Kansas",2007-05-01,24792,24793,24864,TRUE,FALSE,FALSE,FALSE,TRUE,FALSE,"Decrease"
"Offender Profiles","Kansas",2009-08-01,37788,48461,51382,TRUE,FALSE,FALSE,FALSE,TRUE,FALSE,"Decrease"
"Offender Profiles","Kansas",2012-07-01,79578,79591,79868,TRUE,FALSE,FALSE,FALSE,TRUE,FALSE,"Decrease"
"Offender Profiles","Kansas",2014-10-01,84806,85220,85571,TRUE,FALSE,FALSE,FALSE,TRUE,FALSE,"Decrease"
"Offender Profiles","Kansas",2018-03-01,90127,90132,90183,TRUE,FALSE,FALSE,FALSE,TRUE,FALSE,"Decrease"
"Offender Profiles","Kentucky",2006-02-01,9098,9103,9098,TRUE,FALSE,FALSE,FALSE,TRUE,FALSE,"Decrease"
"Offender Profiles","Kentucky",2007-02-01,10801,10802,10902,TRUE,FALSE,FALSE,FALSE,TRUE,FALSE,"Decrease"
"Offender Profiles","Kentucky",2008-07-01,13142,13265,13631,TRUE,FALSE,FALSE,FALSE,TRUE,FALSE,"Decrease"
"Offender Profiles","Kentucky",2009-08-01,13142,17906,19708,TRUE,FALSE,FALSE,FALSE,TRUE,FALSE,"Decrease"
"Offender Profiles","Kentucky",2010-11-01,26461,29548,26463,TRUE,FALSE,FALSE,FALSE,TRUE,FALSE,"Decrease"
"Offender Profiles","Kentucky",2011-02-01,24795,26463,35187,TRUE,FALSE,FALSE,FALSE,TRUE,FALSE,"Decrease"
"Offender Profiles","Kentucky",2016-03-01,123916,123922,150165,TRUE,FALSE,FALSE,FALSE,TRUE,FALSE,"Decrease"
"Offender Profiles","Louisiana",2006-10-01,45591,45863,49322,TRUE,FALSE,FALSE,FALSE,TRUE,FALSE,"Decrease"
"Offender Profiles","Louisiana",2009-08-01,77781,97430,99586,TRUE,FALSE,FALSE,FALSE,TRUE,FALSE,"Decrease"
"Offender Profiles","Maine",2003-04-01,3134,3884,3134,TRUE,FALSE,FALSE,FALSE,TRUE,FALSE,"Decrease"
"Offender Profiles","Maine",2008-07-01,8853,8971,9987,TRUE,FALSE,FALSE,FALSE,TRUE,FALSE,"Decrease"
"Offender Profiles","Maine",2009-08-01,8853,12221,12349,TRUE,FALSE,FALSE,FALSE,TRUE,FALSE,"Decrease"
"Offender Profiles","Maine",2010-11-01,13955,15540,14089,TRUE,FALSE,FALSE,FALSE,TRUE,FALSE,"Decrease"
"Offender Profiles","Maryland",2004-10-01,19484,19528,19484,TRUE,FALSE,FALSE,FALSE,TRUE,FALSE,"Decrease"
"Offender Profiles","Maryland",2006-03-01,23316,23318,23316,TRUE,FALSE,FALSE,FALSE,TRUE,FALSE,"Decrease"
"Offender Profiles","Maryland",2008-07-01,62875,65630,69896,TRUE,FALSE,FALSE,FALSE,TRUE,FALSE,"Decrease"
"Offender Profiles","Maryland",2009-08-01,62875,79408,82460,TRUE,FALSE,FALSE,FALSE,TRUE,FALSE,"Decrease"
"Offender Profiles","Massachusetts",2001-11-01,2097,3028,10129,TRUE,FALSE,FALSE,FALSE,TRUE,FALSE,"Decrease"
"Offender Profiles","Massachusetts",2004-02-01,15535,15592,15536,TRUE,FALSE,FALSE,FALSE,TRUE,FALSE,"Decrease"
"Offender Profiles","Massachusetts",2004-09-01,0,15536,0,TRUE,FALSE,FALSE,FALSE,TRUE,FALSE,"Decrease"
"Offender Profiles","Massachusetts",2005-07-01,5936,6319,5936,TRUE,FALSE,FALSE,FALSE,TRUE,FALSE,"Decrease"
"Offender Profiles","Massachusetts",2005-12-01,5936,9272,5936,TRUE,FALSE,FALSE,FALSE,TRUE,FALSE,"Decrease"
"Offender Profiles","Massachusetts",2007-04-01,6361,6375,6572,TRUE,FALSE,FALSE,FALSE,TRUE,FALSE,"Decrease"
"Offender Profiles","Massachusetts",2008-07-01,59824,61073,61497,TRUE,FALSE,FALSE,FALSE,TRUE,FALSE,"Decrease"
"Offender Profiles","Massachusetts",2008-10-01,62695,62783,62417,TRUE,FALSE,FALSE,FALSE,TRUE,FALSE,"Decrease"
"Offender Profiles","Massachusetts",2008-11-01,62417,62695,62948,TRUE,FALSE,FALSE,FALSE,TRUE,FALSE,"Decrease"
"Offender Profiles","Massachusetts",2009-08-01,59824,69020,71283,TRUE,FALSE,FALSE,FALSE,TRUE,FALSE,"Decrease"
"Offender Profiles","Michigan",2001-11-01,844,2036,13143,TRUE,FALSE,TRUE,FALSE,TRUE,FALSE,"Dip"
"Offender Profiles","Michigan",2008-07-01,243227,244603,248139,TRUE,FALSE,FALSE,FALSE,TRUE,FALSE,"Decrease"
"Offender Profiles","Michigan",2009-08-01,243227,266449,271447,TRUE,FALSE,FALSE,FALSE,TRUE,FALSE,"Decrease"
"Offender Profiles","Michigan",2025-03-01,389540,389930,389397,TRUE,FALSE,FALSE,FALSE,TRUE,FALSE,"Decrease"
"Offender Profiles","Michigan",2025-04-01,389397,389540,389097,TRUE,FALSE,FALSE,FALSE,TRUE,FALSE,"Decrease"
"Offender Profiles","Michigan",2025-06-01,389097,389397,NA,TRUE,FALSE,FALSE,FALSE,TRUE,FALSE,"Decrease"
"Offender Profiles","Minnesota",2003-12-01,13455,16346,13455,TRUE,FALSE,FALSE,FALSE,TRUE,FALSE,"Decrease"
"Offender Profiles","Minnesota",2008-07-01,76725,78202,79740,TRUE,FALSE,FALSE,FALSE,TRUE,FALSE,"Decrease"
"Offender Profiles","Minnesota",2009-08-01,76725,90483,92910,TRUE,FALSE,FALSE,FALSE,TRUE,FALSE,"Decrease"
"Offender Profiles","Minnesota",2010-05-01,96368,96370,98371,TRUE,FALSE,FALSE,FALSE,TRUE,FALSE,"Decrease"
"Offender Profiles","Minnesota",2011-08-01,107566,107567,108560,TRUE,FALSE,FALSE,FALSE,TRUE,FALSE,"Decrease"
"Offender Profiles","Minnesota",2013-12-01,127475,127476,131573,TRUE,FALSE,FALSE,FALSE,TRUE,FALSE,"Decrease"
"Offender Profiles","Minnesota",2014-12-01,134550,134551,135945,TRUE,FALSE,FALSE,FALSE,TRUE,FALSE,"Decrease"
"Offender Profiles","Minnesota",2015-03-01,136441,136442,136938,TRUE,FALSE,FALSE,FALSE,TRUE,FALSE,"Decrease"
"Offender Profiles","Minnesota",2021-03-01,177180,177181,177677,TRUE,FALSE,FALSE,FALSE,TRUE,FALSE,"Decrease"
"Offender Profiles","Mississippi",2007-05-01,3685,3686,3684,TRUE,FALSE,FALSE,FALSE,TRUE,FALSE,"Decrease"
"Offender Profiles","Mississippi",2007-06-01,3684,3685,3684,TRUE,FALSE,FALSE,FALSE,TRUE,FALSE,"Decrease"
"Offender Profiles","Mississippi",2008-07-01,19927,23931,24979,TRUE,FALSE,FALSE,FALSE,TRUE,FALSE,"Decrease"
"Offender Profiles","Mississippi",2008-10-01,24978,24979,25787,TRUE,FALSE,FALSE,FALSE,TRUE,FALSE,"Decrease"
"Offender Profiles","Mississippi",2009-08-01,19927,39172,39171,TRUE,FALSE,FALSE,FALSE,TRUE,FALSE,"Decrease"
"Offender Profiles","Missouri",2008-07-01,162501,164129,167125,TRUE,FALSE,FALSE,FALSE,TRUE,FALSE,"Decrease"
"Offender Profiles","Missouri",2009-08-01,162501,184162,190375,TRUE,FALSE,FALSE,FALSE,TRUE,FALSE,"Decrease"
"Offender Profiles","Montana",2005-06-01,2360,2361,2360,TRUE,FALSE,FALSE,FALSE,TRUE,FALSE,"Decrease"
"Offender Profiles","Montana",2006-05-01,2367,2370,2367,TRUE,FALSE,FALSE,FALSE,TRUE,FALSE,"Decrease"
"Offender Profiles","Montana",2008-07-01,5924,6370,7700,TRUE,FALSE,FALSE,FALSE,TRUE,FALSE,"Decrease"
"Offender Profiles","Montana",2008-11-01,9891,9892,9891,TRUE,FALSE,FALSE,FALSE,TRUE,FALSE,"Decrease"
"Offender Profiles","Montana",2009-08-01,5924,15136,15475,TRUE,FALSE,TRUE,FALSE,TRUE,FALSE,"Dip"
"Offender Profiles","Montana",2010-05-01,16022,16023,16031,TRUE,FALSE,FALSE,FALSE,TRUE,FALSE,"Decrease"
"Offender Profiles","Montana",2019-03-01,39097,39101,39220,TRUE,FALSE,FALSE,FALSE,TRUE,FALSE,"Decrease"
"Offender Profiles","Nebraska",2004-06-01,2103,2126,2103,TRUE,FALSE,FALSE,FALSE,TRUE,FALSE,"Decrease"
"Offender Profiles","Nebraska",2005-01-01,1153,2204,1153,TRUE,FALSE,FALSE,FALSE,TRUE,FALSE,"Decrease"
"Offender Profiles","Nebraska",2009-08-01,4019,4611,4709,TRUE,FALSE,FALSE,FALSE,TRUE,FALSE,"Decrease"
"Offender Profiles","Nebraska",2010-08-01,5288,5289,5560,TRUE,FALSE,FALSE,FALSE,TRUE,FALSE,"Decrease"
"Offender Profiles","Nebraska",2017-02-01,263395,36568,37628,FALSE,TRUE,FALSE,FALSE,TRUE,FALSE,"Spike"
"Offender Profiles","Nebraska",2017-03-01,37628,263395,38024,TRUE,FALSE,FALSE,FALSE,TRUE,FALSE,"Decrease"
"Offender Profiles","Nevada",2008-07-01,32007,32011,34060,TRUE,FALSE,FALSE,FALSE,TRUE,FALSE,"Decrease"
"Offender Profiles","Nevada",2009-08-01,32007,41434,42754,TRUE,FALSE,FALSE,FALSE,TRUE,FALSE,"Decrease"
"Offender Profiles","Nevada",2020-12-01,99778,99779,100009,TRUE,FALSE,FALSE,FALSE,TRUE,FALSE,"Decrease"
"Offender Profiles","New Hampshire",2008-07-01,1803,1863,2094,TRUE,FALSE,FALSE,FALSE,TRUE,FALSE,"Decrease"
"Offender Profiles","New Hampshire",2009-08-01,1803,2881,2922,TRUE,FALSE,FALSE,FALSE,TRUE,FALSE,"Decrease"
"Offender Profiles","New Hampshire",2012-12-01,5909,5910,6137,TRUE,FALSE,FALSE,FALSE,TRUE,FALSE,"Decrease"
"Offender Profiles","New Jersey",2008-07-01,167314,168646,172722,TRUE,FALSE,FALSE,FALSE,TRUE,FALSE,"Decrease"
"Offender Profiles","New Jersey",2009-08-01,167314,192394,197095,TRUE,FALSE,FALSE,FALSE,TRUE,FALSE,"Decrease"
"Offender Profiles","New Jersey",2020-04-01,328158,328172,328871,TRUE,FALSE,FALSE,FALSE,TRUE,FALSE,"Decrease"
"Offender Profiles","New Mexico",2008-07-01,46324,47067,47314,TRUE,FALSE,FALSE,FALSE,TRUE,FALSE,"Decrease"
"Offender Profiles","New Mexico",2009-08-01,46324,50000,50247,TRUE,FALSE,FALSE,FALSE,TRUE,FALSE,"Decrease"
"Offender Profiles","New York",2008-07-01,265789,272871,283100,TRUE,FALSE,FALSE,FALSE,TRUE,FALSE,"Decrease"
"Offender Profiles","New York",2009-08-01,265789,314827,326162,TRUE,FALSE,FALSE,FALSE,TRUE,FALSE,"Decrease"
"Offender Profiles","North Carolina",2005-01-01,35667,35964,35667,TRUE,FALSE,FALSE,FALSE,TRUE,FALSE,"Decrease"
"Offender Profiles","North Carolina",2008-07-01,141071,144096,147804,TRUE,FALSE,FALSE,FALSE,TRUE,FALSE,"Decrease"
"Offender Profiles","North Carolina",2009-08-01,141071,161925,169280,TRUE,FALSE,FALSE,FALSE,TRUE,FALSE,"Decrease"
"Offender Profiles","North Carolina",2012-12-01,208117,208120,211231,TRUE,FALSE,FALSE,FALSE,TRUE,FALSE,"Decrease"
"Offender Profiles","North Carolina",2015-06-01,243582,243584,246705,TRUE,FALSE,FALSE,FALSE,TRUE,FALSE,"Decrease"
"Offender Profiles","North Carolina",2017-02-01,12133,261373,264557,TRUE,FALSE,TRUE,FALSE,TRUE,FALSE,"Dip"
"Offender Profiles","North Dakota",2005-07-01,1186,1251,1186,TRUE,FALSE,FALSE,FALSE,TRUE,FALSE,"Decrease"
"Offender Profiles","North Dakota",2005-12-01,1049,1186,1049,TRUE,FALSE,FALSE,FALSE,TRUE,FALSE,"Decrease"
"Offender Profiles","North Dakota",2009-02-01,6150,6155,6358,TRUE,FALSE,FALSE,FALSE,TRUE,FALSE,"Decrease"
"Offender Profiles","North Dakota",2009-08-01,4553,6720,6793,TRUE,FALSE,FALSE,FALSE,TRUE,FALSE,"Decrease"
"Offender Profiles","North Dakota",2012-08-01,92576,9257,9662,FALSE,TRUE,FALSE,FALSE,TRUE,FALSE,"Spike"
"Offender Profiles","North Dakota",2012-09-01,9662,92576,9662,TRUE,FALSE,FALSE,FALSE,TRUE,FALSE,"Decrease"
"Offender Profiles","North Dakota",2017-03-01,12180,36899,12244,TRUE,FALSE,FALSE,FALSE,TRUE,FALSE,"Decrease"
"Offender Profiles","Ohio",2004-04-01,30226,31939,30227,TRUE,FALSE,FALSE,FALSE,TRUE,FALSE,"Decrease"
"Offender Profiles","Ohio",2008-07-01,268848,270302,279034,TRUE,FALSE,FALSE,FALSE,TRUE,FALSE,"Decrease"
"Offender Profiles","Ohio",2009-08-01,268848,322347,334998,TRUE,FALSE,FALSE,FALSE,TRUE,FALSE,"Decrease"
"Offender Profiles","Ohio",2020-04-01,493147,493214,493198,TRUE,FALSE,FALSE,FALSE,TRUE,FALSE,"Decrease"
"Offender Profiles","Ohio",2021-08-01,479846,498033,499443,TRUE,FALSE,FALSE,FALSE,TRUE,FALSE,"Decrease"
"Offender Profiles","Oklahoma",2008-07-01,53967,268848,71325,TRUE,FALSE,FALSE,FALSE,TRUE,FALSE,"Decrease"
"Offender Profiles","Oklahoma",2009-08-01,53967,81555,85352,TRUE,FALSE,FALSE,FALSE,TRUE,FALSE,"Decrease"
"Offender Profiles","Oregon",2004-02-01,51797,51798,51816,TRUE,FALSE,FALSE,FALSE,TRUE,FALSE,"Decrease"
"Offender Profiles","Oregon",2004-08-01,50450,51818,50780,TRUE,FALSE,FALSE,FALSE,TRUE,FALSE,"Decrease"
"Offender Profiles","Oregon",2008-07-01,86738,89307,99089,TRUE,FALSE,FALSE,FALSE,TRUE,FALSE,"Decrease"
"Offender Profiles","Oregon",2009-08-01,86738,108060,110841,TRUE,FALSE,FALSE,FALSE,TRUE,FALSE,"Decrease"
"Offender Profiles","Pennsylvania",2005-10-01,54126,54134,54126,TRUE,FALSE,FALSE,FALSE,TRUE,FALSE,"Decrease"
"Offender Profiles","Pennsylvania",2008-07-01,178708,181011,183519,TRUE,FALSE,FALSE,FALSE,TRUE,FALSE,"Decrease"
"Offender Profiles","Pennsylvania",2009-08-01,178708,201349,210083,TRUE,FALSE,FALSE,FALSE,TRUE,FALSE,"Decrease"
"Offender Profiles","Rhode Island",2008-07-01,2219,2486,2964,TRUE,FALSE,FALSE,FALSE,TRUE,FALSE,"Decrease"
"Offender Profiles","Rhode Island",2009-08-01,2219,9197,9607,TRUE,FALSE,TRUE,FALSE,TRUE,FALSE,"Dip"
"Offender Profiles","Rhode Island",2011-09-01,14626,14628,14670,TRUE,FALSE,FALSE,FALSE,TRUE,FALSE,"Decrease"
"Offender Profiles","Rhode Island",2020-03-01,26764,26765,27098,TRUE,FALSE,FALSE,FALSE,TRUE,FALSE,"Decrease"
"Offender Profiles","South Carolina",2002-08-01,1658,1659,16776,TRUE,FALSE,FALSE,FALSE,TRUE,FALSE,"Decrease"
"Offender Profiles","South Carolina",2006-02-01,43332,43333,46495,TRUE,FALSE,FALSE,FALSE,TRUE,FALSE,"Decrease"
"Offender Profiles","South Carolina",2006-07-01,59458,59462,59429,TRUE,FALSE,FALSE,FALSE,TRUE,FALSE,"Decrease"
"Offender Profiles","South Carolina",2006-08-01,59429,59458,59431,TRUE,FALSE,FALSE,FALSE,TRUE,FALSE,"Decrease"
"Offender Profiles","South Carolina",2008-07-01,117461,119692,124716,TRUE,FALSE,FALSE,FALSE,TRUE,FALSE,"Decrease"
"Offender Profiles","South Carolina",2009-08-01,117461,135587,139144,TRUE,FALSE,FALSE,FALSE,TRUE,FALSE,"Decrease"
"Offender Profiles","South Carolina",2009-12-01,139143,139144,140999,TRUE,FALSE,FALSE,FALSE,TRUE,FALSE,"Decrease"
"Offender Profiles","South Carolina",2010-10-01,117461,148742,150703,TRUE,FALSE,FALSE,FALSE,TRUE,FALSE,"Decrease"
"Offender Profiles","South Carolina",2015-03-01,188403,189165,188193,TRUE,FALSE,FALSE,FALSE,TRUE,FALSE,"Decrease"
"Offender Profiles","South Carolina",2015-04-01,188193,188403,187923,TRUE,FALSE,FALSE,FALSE,TRUE,FALSE,"Decrease"
"Offender Profiles","South Carolina",2015-05-01,187923,188193,187266,TRUE,FALSE,FALSE,FALSE,TRUE,FALSE,"Decrease"
"Offender Profiles","South Carolina",2015-06-01,187266,187923,188932,TRUE,FALSE,FALSE,FALSE,TRUE,FALSE,"Decrease"
"Offender Profiles","South Dakota",2006-03-01,5279,5315,5279,TRUE,FALSE,FALSE,FALSE,TRUE,FALSE,"Decrease"
"Offender Profiles","South Dakota",2008-12-01,20142,20143,20142,TRUE,FALSE,FALSE,FALSE,TRUE,FALSE,"Decrease"
"Offender Profiles","South Dakota",2009-08-01,15549,25796,23854,TRUE,FALSE,FALSE,FALSE,TRUE,FALSE,"Decrease"
"Offender Profiles","Tennessee",2008-07-01,96283,98694,100139,TRUE,FALSE,FALSE,FALSE,TRUE,FALSE,"Decrease"
"Offender Profiles","Tennessee",2008-09-01,100138,100139,100141,TRUE,FALSE,FALSE,FALSE,TRUE,FALSE,"Decrease"
"Offender Profiles","Tennessee",2008-11-01,100140,100141,100140,TRUE,FALSE,FALSE,FALSE,TRUE,FALSE,"Decrease"
"Offender Profiles","Tennessee",2009-01-01,100139,100140,101960,TRUE,FALSE,FALSE,FALSE,TRUE,FALSE,"Decrease"
"Offender Profiles","Tennessee",2009-08-01,96283,103221,104395,TRUE,FALSE,FALSE,FALSE,TRUE,FALSE,"Decrease"
"Offender Profiles","Tennessee",2013-04-01,163206,163209,163977,TRUE,FALSE,FALSE,FALSE,TRUE,FALSE,"Decrease"
"Offender Profiles","Tennessee",2014-08-01,176970,176990,176963,TRUE,FALSE,FALSE,FALSE,TRUE,FALSE,"Decrease"
"Offender Profiles","Tennessee",2014-09-01,176963,176970,181876,TRUE,FALSE,FALSE,FALSE,TRUE,FALSE,"Decrease"
"Offender Profiles","Tennessee",2014-12-01,186283,186291,186283,TRUE,FALSE,FALSE,FALSE,TRUE,FALSE,"Decrease"
"Offender Profiles","Tennessee",2015-05-01,192530,192543,193291,TRUE,FALSE,FALSE,FALSE,TRUE,FALSE,"Decrease"
"Offender Profiles","Tennessee",2015-12-01,196815,196843,198328,TRUE,FALSE,FALSE,FALSE,TRUE,FALSE,"Decrease"
"Offender Profiles","Tennessee",2017-07-01,221992,221995,223023,TRUE,FALSE,FALSE,FALSE,TRUE,FALSE,"Decrease"
"Offender Profiles","Tennessee",2019-03-01,243090,243091,244489,TRUE,FALSE,FALSE,FALSE,TRUE,FALSE,"Decrease"
"Offender Profiles","Tennessee",2019-09-01,249739,249741,251549,TRUE,FALSE,FALSE,FALSE,TRUE,FALSE,"Decrease"
"Offender Profiles","Texas",2009-08-01,349386,457093,481034,TRUE,FALSE,FALSE,FALSE,TRUE,FALSE,"Decrease"
"Offender Profiles","Utah",2008-07-01,25627,25749,25953,TRUE,FALSE,FALSE,FALSE,TRUE,FALSE,"Decrease"
"Offender Profiles","Utah",2009-08-01,25627,33620,38854,TRUE,FALSE,FALSE,FALSE,TRUE,FALSE,"Decrease"
"Offender Profiles","Utah",2013-12-01,87750,87751,87764,TRUE,FALSE,FALSE,FALSE,TRUE,FALSE,"Decrease"
"Offender Profiles","Utah",2017-04-01,100410,100411,100410,TRUE,FALSE,FALSE,FALSE,TRUE,FALSE,"Decrease"
"Offender Profiles","Vermont",2008-07-01,7515,7791,8262,TRUE,FALSE,FALSE,FALSE,TRUE,FALSE,"Decrease"
"Offender Profiles","Vermont",2009-08-01,7515,10735,10832,TRUE,FALSE,FALSE,FALSE,TRUE,FALSE,"Decrease"
"Offender Profiles","Vermont",2010-04-01,11027,11040,11262,TRUE,FALSE,FALSE,FALSE,TRUE,FALSE,"Decrease"
"Offender Profiles","Vermont",2013-04-01,15018,15031,15243,TRUE,FALSE,FALSE,FALSE,TRUE,FALSE,"Decrease"
"Offender Profiles","Vermont",2013-12-01,15504,15517,15814,TRUE,FALSE,FALSE,FALSE,TRUE,FALSE,"Decrease"
"Offender Profiles","Vermont",2014-08-01,15763,15814,15763,TRUE,FALSE,FALSE,FALSE,TRUE,FALSE,"Decrease"
"Offender Profiles","Vermont",2015-02-01,15949,16054,16190,TRUE,FALSE,FALSE,FALSE,TRUE,FALSE,"Decrease"
"Offender Profiles","Vermont",2015-05-01,16353,16420,16799,TRUE,FALSE,FALSE,FALSE,TRUE,FALSE,"Decrease"
"Offender Profiles","Vermont",2016-01-01,18172,18432,18576,TRUE,FALSE,FALSE,FALSE,TRUE,FALSE,"Decrease"
"Offender Profiles","Vermont",2016-12-01,18778,18860,19074,TRUE,FALSE,FALSE,FALSE,TRUE,FALSE,"Decrease"
"Offender Profiles","Vermont",2017-03-01,18900,19074,18919,TRUE,FALSE,FALSE,FALSE,TRUE,FALSE,"Decrease"
"Offender Profiles","Vermont",2017-05-01,18825,18919,18979,TRUE,FALSE,FALSE,FALSE,TRUE,FALSE,"Decrease"
"Offender Profiles","Vermont",2018-04-01,19554,19607,19576,TRUE,FALSE,FALSE,FALSE,TRUE,FALSE,"Decrease"
"Offender Profiles","Vermont",2018-07-01,19553,19576,19636,TRUE,FALSE,FALSE,FALSE,TRUE,FALSE,"Decrease"
"Offender Profiles","Vermont",2019-02-01,19891,19950,20060,TRUE,FALSE,FALSE,FALSE,TRUE,FALSE,"Decrease"
"Offender Profiles","Vermont",2019-11-01,20462,20473,20451,TRUE,FALSE,FALSE,FALSE,TRUE,FALSE,"Decrease"
"Offender Profiles","Vermont",2020-01-01,20451,20462,20522,TRUE,FALSE,FALSE,FALSE,TRUE,FALSE,"Decrease"
"Offender Profiles","Vermont",2020-05-01,20674,20677,20728,TRUE,FALSE,FALSE,FALSE,TRUE,FALSE,"Decrease"
"Offender Profiles","Vermont",2020-10-01,20825,20865,20873,TRUE,FALSE,FALSE,FALSE,TRUE,FALSE,"Decrease"
"Offender Profiles","Vermont",2020-12-01,20856,20873,20880,TRUE,FALSE,FALSE,FALSE,TRUE,FALSE,"Decrease"
"Offender Profiles","Vermont",2021-04-01,20914,20948,21026,TRUE,FALSE,FALSE,FALSE,TRUE,FALSE,"Decrease"
"Offender Profiles","Vermont",2021-07-01,21016,21026,21015,TRUE,FALSE,FALSE,FALSE,TRUE,FALSE,"Decrease"
"Offender Profiles","Vermont",2021-08-01,21015,21016,21121,TRUE,FALSE,FALSE,FALSE,TRUE,FALSE,"Decrease"
"Offender Profiles","Vermont",2025-04-01,23321,23327,23486,TRUE,FALSE,FALSE,FALSE,TRUE,FALSE,"Decrease"
"Offender Profiles","Virginia",2008-07-01,272753,274567,278279,TRUE,FALSE,FALSE,FALSE,TRUE,FALSE,"Decrease"
"Offender Profiles","Virginia",2009-08-01,272753,292869,294799,TRUE,FALSE,FALSE,FALSE,TRUE,FALSE,"Decrease"
"Offender Profiles","Washington",2004-06-01,45974,47254,45974,TRUE,FALSE,FALSE,FALSE,TRUE,FALSE,"Decrease"
"Offender Profiles","Washington",2008-07-01,119007,123974,130865,TRUE,FALSE,FALSE,FALSE,TRUE,FALSE,"Decrease"
"Offender Profiles","Washington",2009-08-01,119007,156663,168544,TRUE,FALSE,FALSE,FALSE,TRUE,FALSE,"Decrease"
"Offender Profiles","West Virginia",2005-01-01,163,3395,163,TRUE,FALSE,FALSE,FALSE,TRUE,FALSE,"Decrease"
"Offender Profiles","West Virginia",2009-08-01,6681,7281,7281,TRUE,FALSE,FALSE,FALSE,TRUE,FALSE,"Decrease"
"Offender Profiles","West Virginia",2016-03-01,25552,25554,27701,TRUE,FALSE,FALSE,FALSE,TRUE,FALSE,"Decrease"
"Offender Profiles","Wisconsin",2005-01-01,74690,79315,74690,TRUE,FALSE,FALSE,FALSE,TRUE,FALSE,"Decrease"
"Offender Profiles","Wisconsin",2008-07-01,110487,111203,112520,TRUE,FALSE,FALSE,FALSE,TRUE,FALSE,"Decrease"
"Offender Profiles","Wisconsin",2009-08-01,110487,121113,122916,TRUE,FALSE,FALSE,FALSE,TRUE,FALSE,"Decrease"
"Offender Profiles","Wyoming",2004-09-01,4206,5024,821,TRUE,FALSE,FALSE,FALSE,TRUE,FALSE,"Decrease"
"Offender Profiles","Wyoming",2004-10-01,821,4206,821,TRUE,FALSE,FALSE,FALSE,TRUE,FALSE,"Decrease"
"Offender Profiles","Wyoming",2007-05-01,55,821,55,TRUE,FALSE,FALSE,FALSE,TRUE,FALSE,"Decrease"
"Offender Profiles","Wyoming",2008-07-01,6049,6247,7804,TRUE,FALSE,FALSE,FALSE,TRUE,FALSE,"Decrease"
"Offender Profiles","Wyoming",2009-08-01,6049,13147,14048,TRUE,FALSE,TRUE,FALSE,TRUE,FALSE,"Dip"
"Offender Profiles","Wyoming",2014-11-01,21859,21860,21859,TRUE,FALSE,FALSE,FALSE,TRUE,FALSE,"Decrease"
"Offender Profiles","Wyoming",2015-01-01,21858,21859,21858,TRUE,FALSE,FALSE,FALSE,TRUE,FALSE,"Decrease"
"Offender Profiles","Puerto Rico",2015-11-01,22092,22109,22092,TRUE,FALSE,FALSE,FALSE,TRUE,FALSE,"Decrease"
"Offender Profiles","Puerto Rico",2016-01-01,22091,22092,22091,TRUE,FALSE,FALSE,FALSE,TRUE,FALSE,"Decrease"
"Offender Profiles","Puerto Rico",2017-02-01,22103,22104,22104,TRUE,FALSE,FALSE,FALSE,TRUE,FALSE,"Decrease"
"Offender Profiles","Puerto Rico",2017-05-01,22103,22104,22103,TRUE,FALSE,FALSE,FALSE,TRUE,FALSE,"Decrease"
"Offender Profiles","Puerto Rico",2018-01-01,22102,22103,22102,TRUE,FALSE,FALSE,FALSE,TRUE,FALSE,"Decrease"
"Offender Profiles","Puerto Rico",2018-07-01,22101,22102,22101,TRUE,FALSE,FALSE,FALSE,TRUE,FALSE,"Decrease"
"Offender Profiles","DC/FBI Lab",2006-08-01,23202,23205,23626,TRUE,FALSE,FALSE,FALSE,TRUE,FALSE,"Decrease"
"Offender Profiles","DC/FBI Lab",2008-07-01,61250,61618,62601,TRUE,FALSE,FALSE,FALSE,TRUE,FALSE,"Decrease"
"Offender Profiles","DC/FBI Lab",2009-08-01,61250,85908,109162,TRUE,FALSE,FALSE,FALSE,TRUE,FALSE,"Decrease"
"Offender Profiles","DC/FBI Lab",2024-10-01,940870,2539381,941484,FALSE,FALSE,TRUE,FALSE,TRUE,TRUE,"Dip"
"Offender Profiles","DC/FBI Lab",2024-11-01,941484,940870,3355525,FALSE,FALSE,TRUE,FALSE,TRUE,FALSE,"Dip"
"Forensic Profiles","Alabama",2004-04-01,10,24,36,TRUE,FALSE,TRUE,FALSE,TRUE,FALSE,"Dip"
"Forensic Profiles","Alabama",2008-07-01,3564,3663,3743,TRUE,FALSE,FALSE,FALSE,TRUE,FALSE,"Decrease"
"Forensic Profiles","Alabama",2009-08-01,3564,4618,5035,TRUE,FALSE,FALSE,FALSE,TRUE,FALSE,"Decrease"
"Forensic Profiles","Alaska",2004-04-01,154,204,164,TRUE,FALSE,FALSE,FALSE,TRUE,FALSE,"Decrease"
"Forensic Profiles","Alaska",2005-08-01,213,261,222,TRUE,FALSE,FALSE,FALSE,TRUE,FALSE,"Decrease"
"Forensic Profiles","Alaska",2006-08-01,261,269,264,TRUE,FALSE,FALSE,FALSE,TRUE,FALSE,"Decrease"
"Forensic Profiles","Alaska",2009-01-01,704,706,706,TRUE,FALSE,FALSE,FALSE,TRUE,FALSE,"Decrease"
"Forensic Profiles","Alaska",2009-08-01,685,720,747,TRUE,FALSE,FALSE,FALSE,TRUE,FALSE,"Decrease"
"Forensic Profiles","Arizona",2008-07-01,6783,6830,7064,TRUE,FALSE,FALSE,FALSE,TRUE,FALSE,"Decrease"
"Forensic Profiles","Arizona",2009-08-01,6783,8257,8593,TRUE,FALSE,FALSE,FALSE,TRUE,FALSE,"Decrease"
"Forensic Profiles","Arkansas",2008-07-01,2019,2041,2115,TRUE,FALSE,FALSE,FALSE,TRUE,FALSE,"Decrease"
"Forensic Profiles","Arkansas",2009-08-01,2019,2746,3113,TRUE,FALSE,FALSE,FALSE,TRUE,FALSE,"Decrease"
"Forensic Profiles","California",2008-07-01,16373,16704,17358,TRUE,FALSE,FALSE,FALSE,TRUE,FALSE,"Decrease"
"Forensic Profiles","California",2009-08-01,16373,22007,24115,TRUE,FALSE,FALSE,FALSE,TRUE,FALSE,"Decrease"
"Forensic Profiles","Colorado",2008-07-01,3370,3409,3548,TRUE,FALSE,FALSE,FALSE,TRUE,FALSE,"Decrease"
"Forensic Profiles","Colorado",2009-08-01,3370,4680,5026,TRUE,FALSE,FALSE,FALSE,TRUE,FALSE,"Decrease"
"Forensic Profiles","Colorado",2013-12-01,8970,9041,9605,TRUE,FALSE,FALSE,FALSE,TRUE,FALSE,"Decrease"
"Forensic Profiles","Connecticut",2008-06-01,2167,2393,2097,TRUE,FALSE,FALSE,FALSE,TRUE,FALSE,"Decrease"
"Forensic Profiles","Connecticut",2008-07-01,2097,2167,2226,TRUE,FALSE,FALSE,FALSE,TRUE,FALSE,"Decrease"
"Forensic Profiles","Connecticut",2009-08-01,2097,2699,2772,TRUE,FALSE,FALSE,FALSE,TRUE,FALSE,"Decrease"
"Forensic Profiles","Connecticut",2009-12-01,2769,2772,2639,TRUE,FALSE,FALSE,FALSE,TRUE,FALSE,"Decrease"
"Forensic Profiles","Connecticut",2010-01-01,2639,2769,2654,TRUE,FALSE,FALSE,FALSE,TRUE,FALSE,"Decrease"
"Forensic Profiles","Connecticut",2010-04-01,2652,2654,2683,TRUE,FALSE,FALSE,FALSE,TRUE,FALSE,"Decrease"
"Forensic Profiles","Connecticut",2010-07-01,2245,2748,2337,TRUE,FALSE,FALSE,FALSE,TRUE,FALSE,"Decrease"
"Forensic Profiles","Connecticut",2011-10-01,2495,2528,2582,TRUE,FALSE,FALSE,FALSE,TRUE,FALSE,"Decrease"
"Forensic Profiles","Delaware",2006-07-01,1616,161,170,FALSE,TRUE,FALSE,FALSE,TRUE,FALSE,"Spike"
"Forensic Profiles","Delaware",2006-08-01,170,1616,173,TRUE,FALSE,FALSE,FALSE,TRUE,FALSE,"Decrease"
"Forensic Profiles","Delaware",2008-07-01,245,247,256,TRUE,FALSE,FALSE,FALSE,TRUE,FALSE,"Decrease"
"Forensic Profiles","Delaware",2009-01-01,275,276,282,TRUE,FALSE,FALSE,FALSE,TRUE,FALSE,"Decrease"
"Forensic Profiles","Delaware",2009-08-01,245,294,305,TRUE,FALSE,FALSE,FALSE,TRUE,FALSE,"Decrease"
"Forensic Profiles","Delaware",2015-05-01,645,646,645,TRUE,FALSE,FALSE,FALSE,TRUE,FALSE,"Decrease"
"Forensic Profiles","Delaware",2017-04-01,828,1095,841,TRUE,FALSE,FALSE,FALSE,TRUE,FALSE,"Decrease"
"Forensic Profiles","Florida",2008-07-01,18715,18974,19820,TRUE,FALSE,FALSE,FALSE,TRUE,FALSE,"Decrease"
"Forensic Profiles","Florida",2009-08-01,18715,24035,25501,TRUE,FALSE,FALSE,FALSE,TRUE,FALSE,"Decrease"
"Forensic Profiles","Georgia",2005-01-01,3289,3422,3289,TRUE,FALSE,FALSE,FALSE,TRUE,FALSE,"Decrease"
"Forensic Profiles","Georgia",2008-07-01,6418,6422,6693,TRUE,FALSE,FALSE,FALSE,TRUE,FALSE,"Decrease"
"Forensic Profiles","Georgia",2009-08-01,6418,7921,8256,TRUE,FALSE,FALSE,FALSE,TRUE,FALSE,"Decrease"
"Forensic Profiles","Hawaii",2008-07-01,134,141,160,TRUE,FALSE,FALSE,FALSE,TRUE,FALSE,"Decrease"
"Forensic Profiles","Hawaii",2009-08-01,134,242,271,TRUE,FALSE,FALSE,FALSE,TRUE,FALSE,"Decrease"
"Forensic Profiles","Idaho",2005-01-01,74,79,74,TRUE,FALSE,FALSE,FALSE,TRUE,FALSE,"Decrease"
"Forensic Profiles","Idaho",2008-07-01,186,189,193,TRUE,FALSE,FALSE,FALSE,TRUE,FALSE,"Decrease"
"Forensic Profiles","Idaho",2009-08-01,186,215,218,TRUE,FALSE,FALSE,FALSE,TRUE,FALSE,"Decrease"
"Forensic Profiles","Idaho",2019-05-01,780,800,786,TRUE,FALSE,FALSE,FALSE,TRUE,FALSE,"Decrease"
"Forensic Profiles","Illinois",2005-01-01,7591,8003,7591,TRUE,FALSE,FALSE,FALSE,TRUE,FALSE,"Decrease"
"Forensic Profiles","Illinois",2008-07-01,15397,15580,16402,TRUE,FALSE,FALSE,FALSE,TRUE,FALSE,"Decrease"
"Forensic Profiles","Illinois",2008-12-01,16969,17054,17129,TRUE,FALSE,FALSE,FALSE,TRUE,FALSE,"Decrease"
"Forensic Profiles","Illinois",2009-08-01,15397,18774,19721,TRUE,FALSE,FALSE,FALSE,TRUE,FALSE,"Decrease"
"Forensic Profiles","Indiana",2007-05-01,12018,1930,2190,FALSE,TRUE,FALSE,FALSE,TRUE,FALSE,"Spike"
"Forensic Profiles","Indiana",2007-06-01,2190,12018,2273,TRUE,FALSE,FALSE,FALSE,TRUE,FALSE,"Decrease"
"Forensic Profiles","Indiana",2008-07-01,3409,3486,3625,TRUE,FALSE,FALSE,FALSE,TRUE,FALSE,"Decrease"
"Forensic Profiles","Indiana",2009-08-01,3409,4399,4658,TRUE,FALSE,FALSE,FALSE,TRUE,FALSE,"Decrease"
"Forensic Profiles","Iowa",2008-07-01,2083,2116,2215,TRUE,FALSE,FALSE,FALSE,TRUE,FALSE,"Decrease"
"Forensic Profiles","Iowa",2009-08-01,2083,2606,2748,TRUE,FALSE,FALSE,FALSE,TRUE,FALSE,"Decrease"
"Forensic Profiles","Kansas",2005-01-01,927,933,927,TRUE,FALSE,FALSE,FALSE,TRUE,FALSE,"Decrease"
"Forensic Profiles","Kansas",2009-08-01,2524,3040,3235,TRUE,FALSE,FALSE,FALSE,TRUE,FALSE,"Decrease"
"Forensic Profiles","Kentucky",2005-01-01,944,1090,944,TRUE,FALSE,FALSE,FALSE,TRUE,FALSE,"Decrease"
"Forensic Profiles","Kentucky",2008-07-01,2398,2446,2500,TRUE,FALSE,FALSE,FALSE,TRUE,FALSE,"Decrease"
"Forensic Profiles","Kentucky",2009-08-01,2398,2834,2943,TRUE,FALSE,FALSE,FALSE,TRUE,FALSE,"Decrease"
"Forensic Profiles","Kentucky",2018-05-01,7092,7846,7204,TRUE,FALSE,FALSE,FALSE,TRUE,FALSE,"Decrease"
"Forensic Profiles","Louisiana",2006-12-01,3065,3108,3065,TRUE,FALSE,FALSE,FALSE,TRUE,FALSE,"Decrease"
"Forensic Profiles","Louisiana",2008-07-01,3923,3943,3704,TRUE,FALSE,FALSE,FALSE,TRUE,FALSE,"Decrease"
"Forensic Profiles","Louisiana",2008-08-01,3704,3923,3732,TRUE,FALSE,FALSE,FALSE,TRUE,FALSE,"Decrease"
"Forensic Profiles","Louisiana",2009-08-01,3923,4325,4730,TRUE,FALSE,FALSE,FALSE,TRUE,FALSE,"Decrease"
"Forensic Profiles","Louisiana",2018-12-01,17518,17569,17922,TRUE,FALSE,FALSE,FALSE,TRUE,FALSE,"Decrease"
"Forensic Profiles","Maine",2006-10-01,1130,4986,1155,TRUE,FALSE,FALSE,FALSE,TRUE,FALSE,"Decrease"
"Forensic Profiles","Maine",2008-07-01,1542,1576,1592,TRUE,FALSE,FALSE,FALSE,TRUE,FALSE,"Decrease"
"Forensic Profiles","Maine",2009-08-01,1542,1739,1782,TRUE,FALSE,FALSE,FALSE,TRUE,FALSE,"Decrease"
"Forensic Profiles","Maryland",2005-01-01,1594,1690,1594,TRUE,FALSE,FALSE,FALSE,TRUE,FALSE,"Decrease"
"Forensic Profiles","Maryland",2008-07-01,4351,4421,4584,TRUE,FALSE,FALSE,FALSE,TRUE,FALSE,"Decrease"
"Forensic Profiles","Maryland",2008-11-01,4795,4800,4825,TRUE,FALSE,FALSE,FALSE,TRUE,FALSE,"Decrease"
"Forensic Profiles","Maryland",2009-02-01,4764,4873,4799,TRUE,FALSE,FALSE,FALSE,TRUE,FALSE,"Decrease"
"Forensic Profiles","Maryland",2009-08-01,4351,5052,5211,TRUE,FALSE,FALSE,FALSE,TRUE,FALSE,"Decrease"
"Forensic Profiles","Maryland",2010-02-01,5258,5296,5452,TRUE,FALSE,FALSE,FALSE,TRUE,FALSE,"Decrease"
"Forensic Profiles","Massachusetts",2001-11-01,131,246,207,TRUE,FALSE,FALSE,FALSE,TRUE,FALSE,"Decrease"
"Forensic Profiles","Massachusetts",2005-10-01,1614,1616,1614,TRUE,FALSE,FALSE,FALSE,TRUE,FALSE,"Decrease"
"Forensic Profiles","Massachusetts",2005-12-01,1497,1614,1497,TRUE,FALSE,FALSE,FALSE,TRUE,FALSE,"Decrease"
"Forensic Profiles","Massachusetts",2008-07-01,3173,3274,3442,TRUE,FALSE,FALSE,FALSE,TRUE,FALSE,"Decrease"
"Forensic Profiles","Massachusetts",2009-08-01,3173,4001,4201,TRUE,FALSE,FALSE,FALSE,TRUE,FALSE,"Decrease"
"Forensic Profiles","Michigan",2001-11-01,53,81,262,TRUE,FALSE,FALSE,FALSE,TRUE,FALSE,"Decrease"
"Forensic Profiles","Michigan",2008-07-01,7125,7160,7384,TRUE,FALSE,FALSE,FALSE,TRUE,FALSE,"Decrease"
"Forensic Profiles","Michigan",2009-08-01,7125,8338,8345,TRUE,FALSE,FALSE,FALSE,TRUE,FALSE,"Decrease"
"Forensic Profiles","Minnesota",2005-01-01,1619,1994,1619,TRUE,FALSE,FALSE,FALSE,TRUE,FALSE,"Decrease"
"Forensic Profiles","Minnesota",2008-07-01,3990,4090,4190,TRUE,FALSE,FALSE,FALSE,TRUE,FALSE,"Decrease"
"Forensic Profiles","Minnesota",2009-08-01,3990,4966,5231,TRUE,FALSE,FALSE,FALSE,TRUE,FALSE,"Decrease"
"Forensic Profiles","Mississippi",2008-07-01,201,206,221,TRUE,FALSE,FALSE,FALSE,TRUE,FALSE,"Decrease"
"Forensic Profiles","Mississippi",2009-08-01,201,315,347,TRUE,FALSE,FALSE,FALSE,TRUE,FALSE,"Decrease"
"Forensic Profiles","Missouri",2005-01-01,1999,3009,1999,TRUE,FALSE,FALSE,FALSE,TRUE,FALSE,"Decrease"
"Forensic Profiles","Missouri",2008-07-01,6680,6802,7082,TRUE,FALSE,FALSE,FALSE,TRUE,FALSE,"Decrease"
"Forensic Profiles","Missouri",2009-08-01,6680,8961,9749,TRUE,FALSE,FALSE,FALSE,TRUE,FALSE,"Decrease"
"Forensic Profiles","Montana",2008-07-01,212,214,227,TRUE,FALSE,FALSE,FALSE,TRUE,FALSE,"Decrease"
"Forensic Profiles","Montana",2009-08-01,212,293,308,TRUE,FALSE,FALSE,FALSE,TRUE,FALSE,"Decrease"
"Forensic Profiles","Nebraska",2006-03-01,257,345,257,TRUE,FALSE,FALSE,FALSE,TRUE,FALSE,"Decrease"
"Forensic Profiles","Nebraska",2008-07-01,438,440,453,TRUE,FALSE,FALSE,FALSE,TRUE,FALSE,"Decrease"
"Forensic Profiles","Nebraska",2009-08-01,438,538,556,TRUE,FALSE,FALSE,FALSE,TRUE,FALSE,"Decrease"
"Forensic Profiles","Nevada",2007-03-01,1240,1329,1397,TRUE,FALSE,FALSE,FALSE,TRUE,FALSE,"Decrease"
"Forensic Profiles","Nevada",2008-07-01,2094,2156,2318,TRUE,FALSE,FALSE,FALSE,TRUE,FALSE,"Decrease"
"Forensic Profiles","Nevada",2009-08-01,2094,2902,3096,TRUE,FALSE,FALSE,FALSE,TRUE,FALSE,"Decrease"
"Forensic Profiles","New Hampshire",2008-07-01,455,467,481,TRUE,FALSE,FALSE,FALSE,TRUE,FALSE,"Decrease"
"Forensic Profiles","New Hampshire",2009-08-01,455,571,586,TRUE,FALSE,FALSE,FALSE,TRUE,FALSE,"Decrease"
"Forensic Profiles","New Jersey",2008-07-01,5669,5785,6057,TRUE,FALSE,FALSE,FALSE,TRUE,FALSE,"Decrease"
"Forensic Profiles","New Jersey",2009-08-01,5669,7555,7925,TRUE,FALSE,FALSE,FALSE,TRUE,FALSE,"Decrease"
"Forensic Profiles","New Mexico",2007-05-01,1240,1252,1250,TRUE,FALSE,FALSE,FALSE,TRUE,FALSE,"Decrease"
"Forensic Profiles","New Mexico",2008-07-01,1540,1598,1673,TRUE,FALSE,FALSE,FALSE,TRUE,FALSE,"Decrease"
"Forensic Profiles","New Mexico",2009-08-01,1540,2092,2189,TRUE,FALSE,FALSE,FALSE,TRUE,FALSE,"Decrease"
"Forensic Profiles","New York",2008-07-01,22173,22439,23119,TRUE,FALSE,FALSE,FALSE,TRUE,FALSE,"Decrease"
"Forensic Profiles","New York",2009-08-01,22173,26713,28023,TRUE,FALSE,FALSE,FALSE,TRUE,FALSE,"Decrease"
"Forensic Profiles","North Carolina",2005-01-01,1171,1476,1171,TRUE,FALSE,FALSE,FALSE,TRUE,FALSE,"Decrease"
"Forensic Profiles","North Carolina",2008-07-01,3427,3483,3524,TRUE,FALSE,FALSE,FALSE,TRUE,FALSE,"Decrease"
"Forensic Profiles","North Carolina",2009-08-01,3427,4022,4360,TRUE,FALSE,FALSE,FALSE,TRUE,FALSE,"Decrease"
"Forensic Profiles","North Dakota",2009-08-01,216,311,335,TRUE,FALSE,FALSE,FALSE,TRUE,FALSE,"Decrease"
"Forensic Profiles","North Dakota",2015-02-01,851,852,876,TRUE,FALSE,FALSE,FALSE,TRUE,FALSE,"Decrease"
"Forensic Profiles","Ohio",2007-03-01,9501,10591,9672,TRUE,FALSE,FALSE,FALSE,TRUE,FALSE,"Decrease"
"Forensic Profiles","Ohio",2007-06-01,9948,9963,10115,TRUE,FALSE,FALSE,FALSE,TRUE,FALSE,"Decrease"
"Forensic Profiles","Ohio",2008-07-01,13992,14161,14591,TRUE,FALSE,FALSE,FALSE,TRUE,FALSE,"Decrease"
"Forensic Profiles","Ohio",2009-08-01,13992,16678,17467,TRUE,FALSE,FALSE,FALSE,TRUE,FALSE,"Decrease"
"Forensic Profiles","Ohio",2017-02-01,54606,54963,56672,TRUE,FALSE,FALSE,FALSE,TRUE,FALSE,"Decrease"
"Forensic Profiles","Ohio",2018-07-01,63566,63938,66056,TRUE,FALSE,FALSE,FALSE,TRUE,FALSE,"Decrease"
"Forensic Profiles","Ohio",2021-08-01,82121,82181,83491,TRUE,FALSE,FALSE,FALSE,TRUE,FALSE,"Decrease"
"Forensic Profiles","Oklahoma",2007-09-01,814,821,845,TRUE,FALSE,FALSE,FALSE,TRUE,FALSE,"Decrease"
"Forensic Profiles","Oklahoma",2008-06-01,13992,918,964,FALSE,TRUE,FALSE,FALSE,TRUE,FALSE,"Spike"
"Forensic Profiles","Oklahoma",2008-07-01,964,13992,1042,TRUE,FALSE,FALSE,FALSE,TRUE,FALSE,"Decrease"
"Forensic Profiles","Oklahoma",2009-08-01,964,1319,1450,TRUE,FALSE,FALSE,FALSE,TRUE,FALSE,"Decrease"
"Forensic Profiles","Oregon",2005-01-01,2236,2244,2236,TRUE,FALSE,FALSE,FALSE,TRUE,FALSE,"Decrease"
"Forensic Profiles","Oregon",2008-07-01,5161,5207,5262,TRUE,FALSE,FALSE,FALSE,TRUE,FALSE,"Decrease"
"Forensic Profiles","Oregon",2009-08-01,5161,5778,5959,TRUE,FALSE,FALSE,FALSE,TRUE,FALSE,"Decrease"
"Forensic Profiles","Pennsylvania",2005-01-01,2366,2542,2366,TRUE,FALSE,FALSE,FALSE,TRUE,FALSE,"Decrease"
"Forensic Profiles","Pennsylvania",2006-11-01,3801,3812,3872,TRUE,FALSE,FALSE,FALSE,TRUE,FALSE,"Decrease"
"Forensic Profiles","Pennsylvania",2008-07-01,5483,5584,5754,TRUE,FALSE,FALSE,FALSE,TRUE,FALSE,"Decrease"
"Forensic Profiles","Pennsylvania",2009-08-01,5483,7118,7575,TRUE,FALSE,FALSE,FALSE,TRUE,FALSE,"Decrease"
"Forensic Profiles","Rhode Island",2009-04-01,375,380,375,TRUE,FALSE,FALSE,FALSE,TRUE,FALSE,"Decrease"
"Forensic Profiles","Rhode Island",2009-08-01,323,376,385,TRUE,FALSE,FALSE,FALSE,TRUE,FALSE,"Decrease"
"Forensic Profiles","Rhode Island",2010-11-01,413,416,418,TRUE,FALSE,FALSE,FALSE,TRUE,FALSE,"Decrease"
"Forensic Profiles","South Carolina",2003-06-01,75,402,507,FALSE,FALSE,TRUE,FALSE,TRUE,TRUE,"Dip"
"Forensic Profiles","South Carolina",2005-01-01,971,984,971,TRUE,FALSE,FALSE,FALSE,TRUE,FALSE,"Decrease"
"Forensic Profiles","South Carolina",2008-07-01,3888,3953,4129,TRUE,FALSE,FALSE,FALSE,TRUE,FALSE,"Decrease"
"Forensic Profiles","South Carolina",2009-08-01,3888,5117,5763,TRUE,FALSE,FALSE,FALSE,TRUE,FALSE,"Decrease"
"Forensic Profiles","South Carolina",2010-10-01,3888,6794,7152,TRUE,FALSE,FALSE,FALSE,TRUE,FALSE,"Decrease"
"Forensic Profiles","South Carolina",2016-03-01,13132,13242,14532,TRUE,FALSE,FALSE,FALSE,TRUE,FALSE,"Decrease"
"Forensic Profiles","South Dakota",2009-08-01,198,263,275,TRUE,FALSE,FALSE,FALSE,TRUE,FALSE,"Decrease"
"Forensic Profiles","Tennessee",2005-01-01,1158,1199,1158,TRUE,FALSE,FALSE,FALSE,TRUE,FALSE,"Decrease"
"Forensic Profiles","Tennessee",2006-02-01,1461,1493,1491,TRUE,FALSE,FALSE,FALSE,TRUE,FALSE,"Decrease"
"Forensic Profiles","Tennessee",2006-05-01,1449,1491,1450,TRUE,FALSE,FALSE,FALSE,TRUE,FALSE,"Decrease"
"Forensic Profiles","Tennessee",2006-09-01,1385,1468,1386,TRUE,FALSE,FALSE,FALSE,TRUE,FALSE,"Decrease"
"Forensic Profiles","Tennessee",2006-12-01,1321,1386,1321,TRUE,FALSE,FALSE,FALSE,TRUE,FALSE,"Decrease"
"Forensic Profiles","Tennessee",2008-07-01,1998,2021,2070,TRUE,FALSE,FALSE,FALSE,TRUE,FALSE,"Decrease"
"Forensic Profiles","Tennessee",2009-03-01,2267,2269,2308,TRUE,FALSE,FALSE,FALSE,TRUE,FALSE,"Decrease"
"Forensic Profiles","Tennessee",2009-08-01,1998,2395,2563,TRUE,FALSE,FALSE,FALSE,TRUE,FALSE,"Decrease"
"Forensic Profiles","Tennessee",2012-08-01,3689,3828,3726,TRUE,FALSE,FALSE,FALSE,TRUE,FALSE,"Decrease"
"Forensic Profiles","Texas",2009-08-01,17674,21653,22929,TRUE,FALSE,FALSE,FALSE,TRUE,FALSE,"Decrease"
"Forensic Profiles","Texas",2017-02-01,63857,64580,64183,TRUE,FALSE,FALSE,FALSE,TRUE,FALSE,"Decrease"
"Forensic Profiles","Utah",2005-01-01,205,257,205,TRUE,FALSE,FALSE,FALSE,TRUE,FALSE,"Decrease"
"Forensic Profiles","Utah",2008-07-01,327,329,339,TRUE,FALSE,FALSE,FALSE,TRUE,FALSE,"Decrease"
"Forensic Profiles","Utah",2009-08-01,327,377,388,TRUE,FALSE,FALSE,FALSE,TRUE,FALSE,"Decrease"
"Forensic Profiles","Vermont",2008-07-01,216,221,232,TRUE,FALSE,FALSE,FALSE,TRUE,FALSE,"Decrease"
"Forensic Profiles","Vermont",2009-08-01,216,292,305,TRUE,FALSE,FALSE,FALSE,TRUE,FALSE,"Decrease"
"Forensic Profiles","Virginia",2005-01-01,3754,3788,3754,TRUE,FALSE,FALSE,FALSE,TRUE,FALSE,"Decrease"
"Forensic Profiles","Virginia",2008-07-01,8973,9095,9436,TRUE,FALSE,FALSE,FALSE,TRUE,FALSE,"Decrease"
"Forensic Profiles","Virginia",2009-08-01,8973,10765,11261,TRUE,FALSE,FALSE,FALSE,TRUE,FALSE,"Decrease"
"Forensic Profiles","Washington",2007-09-01,570,1317,599,TRUE,FALSE,FALSE,FALSE,TRUE,FALSE,"Decrease"
"Forensic Profiles","Washington",2008-07-01,1672,1698,1750,TRUE,FALSE,FALSE,FALSE,TRUE,FALSE,"Decrease"
"Forensic Profiles","Washington",2009-08-01,1672,2201,2335,TRUE,FALSE,FALSE,FALSE,TRUE,FALSE,"Decrease"
"Forensic Profiles","West Virginia",2009-08-01,263,386,410,TRUE,FALSE,FALSE,FALSE,TRUE,FALSE,"Decrease"
"Forensic Profiles","West Virginia",2013-03-01,738,770,789,TRUE,FALSE,FALSE,FALSE,TRUE,FALSE,"Decrease"
"Forensic Profiles","West Virginia",2020-07-01,2601,2602,2704,TRUE,FALSE,FALSE,FALSE,TRUE,FALSE,"Decrease"
"Forensic Profiles","Wisconsin",2005-01-01,2092,2130,2092,TRUE,FALSE,FALSE,FALSE,TRUE,FALSE,"Decrease"
"Forensic Profiles","Wisconsin",2008-07-01,4642,4760,5121,TRUE,FALSE,FALSE,FALSE,TRUE,FALSE,"Decrease"
"Forensic Profiles","Wisconsin",2009-08-01,4642,6336,6701,TRUE,FALSE,FALSE,FALSE,TRUE,FALSE,"Decrease"
"Forensic Profiles","Wyoming",2009-08-01,81,144,161,TRUE,FALSE,FALSE,FALSE,TRUE,FALSE,"Decrease"
"Forensic Profiles","Puerto Rico",2011-08-01,33,143,33,TRUE,FALSE,FALSE,FALSE,TRUE,FALSE,"Decrease"
"Forensic Profiles","Puerto Rico",2013-03-01,41,42,41,TRUE,FALSE,FALSE,FALSE,TRUE,FALSE,"Decrease"
"Forensic Profiles","DC/FBI Lab",2005-01-01,970,1756,970,TRUE,FALSE,FALSE,FALSE,TRUE,FALSE,"Decrease"
"Forensic Profiles","DC/FBI Lab",2008-07-01,1649,1689,1720,TRUE,FALSE,FALSE,FALSE,TRUE,FALSE,"Decrease"
"Forensic Profiles","DC/FBI Lab",2009-08-01,1649,1867,1905,TRUE,FALSE,FALSE,FALSE,TRUE,FALSE,"Decrease"
"Forensic Profiles","DC/Metro PD",2017-02-01,860,1086,860,TRUE,FALSE,FALSE,FALSE,TRUE,FALSE,"Decrease"
"Forensic Profiles","DC/Metro PD",2021-04-01,3387,3395,3386,TRUE,FALSE,FALSE,FALSE,TRUE,FALSE,"Decrease"
"Forensic Profiles","DC/Metro PD",2021-06-01,3386,3387,3385,TRUE,FALSE,FALSE,FALSE,TRUE,FALSE,"Decrease"
"Forensic Profiles","DC/Metro PD",2021-07-01,3385,3386,3385,TRUE,FALSE,FALSE,FALSE,TRUE,FALSE,"Decrease"
"Forensic Profiles","DC/Metro PD",2021-10-01,3384,3385,3354,TRUE,FALSE,FALSE,FALSE,TRUE,FALSE,"Decrease"
"Forensic Profiles","U.S. Army",2004-08-01,933,1008,938,TRUE,FALSE,FALSE,FALSE,TRUE,FALSE,"Decrease"
"Forensic Profiles","U.S. Army",2004-10-01,922,938,922,TRUE,FALSE,FALSE,FALSE,TRUE,FALSE,"Decrease"
"Forensic Profiles","U.S. Army",2005-01-01,576,922,576,TRUE,FALSE,FALSE,FALSE,TRUE,FALSE,"Decrease"
"Forensic Profiles","U.S. Army",2005-06-01,633,634,641,TRUE,FALSE,FALSE,FALSE,TRUE,FALSE,"Decrease"
"Forensic Profiles","U.S. Army",2005-09-01,591,661,595,TRUE,FALSE,FALSE,FALSE,TRUE,FALSE,"Decrease"
"Arrestee Profiles","Alaska",2012-08-01,17679,17680,17679,TRUE,FALSE,FALSE,FALSE,TRUE,FALSE,"Decrease"
"Arrestee Profiles","Alaska",2013-07-01,18779,18781,19919,TRUE,FALSE,FALSE,FALSE,TRUE,FALSE,"Decrease"
"Arrestee Profiles","Arizona",2012-06-01,18715,18716,19379,TRUE,FALSE,FALSE,FALSE,TRUE,FALSE,"Decrease"
"Arrestee Profiles","California",2014-12-01,0,817240,0,TRUE,FALSE,TRUE,FALSE,TRUE,FALSE,"Dip"
"Arrestee Profiles","California",2015-01-01,0,0,569472,FALSE,FALSE,TRUE,FALSE,TRUE,FALSE,"Dip"
"Arrestee Profiles","Maryland",2019-03-01,40681,40695,40948,TRUE,FALSE,FALSE,FALSE,TRUE,FALSE,"Decrease"
"Arrestee Profiles","Mississippi",2017-02-01,1819,1821,1903,TRUE,FALSE,FALSE,FALSE,TRUE,FALSE,"Decrease"
"Arrestee Profiles","Mississippi",2018-01-01,2765,2766,3190,TRUE,FALSE,FALSE,FALSE,TRUE,FALSE,"Decrease"
"Arrestee Profiles","Missouri",2013-04-01,15071,15140,15773,TRUE,FALSE,FALSE,FALSE,TRUE,FALSE,"Decrease"
"Arrestee Profiles","New Jersey",2013-08-01,489,490,954,TRUE,FALSE,FALSE,FALSE,TRUE,FALSE,"Decrease"
"Arrestee Profiles","New Jersey",2017-08-01,9729,9735,9730,TRUE,FALSE,FALSE,FALSE,TRUE,FALSE,"Decrease"
"Arrestee Profiles","New Jersey",2024-11-01,27067,27207,27467,TRUE,FALSE,FALSE,FALSE,TRUE,FALSE,"Decrease"
"Arrestee Profiles","North Carolina",2012-07-01,7187,7202,7536,TRUE,FALSE,FALSE,FALSE,TRUE,FALSE,"Decrease"
"Arrestee Profiles","North Carolina",2012-09-01,7508,7536,7452,TRUE,FALSE,FALSE,FALSE,TRUE,FALSE,"Decrease"
"Arrestee Profiles","North Carolina",2012-11-01,7452,7508,7437,TRUE,FALSE,FALSE,FALSE,TRUE,FALSE,"Decrease"
"Arrestee Profiles","North Carolina",2012-12-01,7437,7452,7431,TRUE,FALSE,FALSE,FALSE,TRUE,FALSE,"Decrease"
"Arrestee Profiles","North Carolina",2013-01-01,7431,7437,7381,TRUE,FALSE,FALSE,FALSE,TRUE,FALSE,"Decrease"
"Arrestee Profiles","North Carolina",2013-03-01,7381,7431,7366,TRUE,FALSE,FALSE,FALSE,TRUE,FALSE,"Decrease"
"Arrestee Profiles","North Carolina",2013-04-01,7366,7381,10480,TRUE,FALSE,FALSE,FALSE,TRUE,FALSE,"Decrease"
"Arrestee Profiles","North Carolina",2013-07-01,10469,10480,12365,TRUE,FALSE,FALSE,FALSE,TRUE,FALSE,"Decrease"
"Arrestee Profiles","North Carolina",2013-12-01,16495,16565,19847,TRUE,FALSE,FALSE,FALSE,TRUE,FALSE,"Decrease"
"Arrestee Profiles","North Carolina",2014-11-01,22057,22135,23120,TRUE,FALSE,FALSE,FALSE,TRUE,FALSE,"Decrease"
"Arrestee Profiles","North Carolina",2020-06-01,52347,52458,52963,TRUE,FALSE,FALSE,FALSE,TRUE,FALSE,"Decrease"
"Arrestee Profiles","North Dakota",2015-02-01,15144,15146,15602,TRUE,FALSE,FALSE,FALSE,TRUE,FALSE,"Decrease"
"Arrestee Profiles","North Dakota",2020-11-01,30958,30959,31348,TRUE,FALSE,FALSE,FALSE,TRUE,FALSE,"Decrease"
"Arrestee Profiles","Ohio",2021-08-01,310930,319444,327715,TRUE,FALSE,FALSE,FALSE,TRUE,FALSE,"Decrease"
"Arrestee Profiles","Oklahoma",2015-12-01,263,264,263,TRUE,FALSE,FALSE,FALSE,TRUE,FALSE,"Decrease"
"Arrestee Profiles","Oklahoma",2020-10-01,7350,7352,8328,TRUE,FALSE,FALSE,FALSE,TRUE,FALSE,"Decrease"
"Arrestee Profiles","Oklahoma",2021-02-01,8913,8987,9472,TRUE,FALSE,FALSE,FALSE,TRUE,FALSE,"Decrease"
"Arrestee Profiles","Oklahoma",2021-07-01,9895,10105,10277,TRUE,FALSE,FALSE,FALSE,TRUE,FALSE,"Decrease"
"Arrestee Profiles","Rhode Island",2020-07-01,447,708,456,TRUE,FALSE,FALSE,FALSE,TRUE,FALSE,"Decrease"
"Arrestee Profiles","Rhode Island",2025-06-01,560,562,NA,TRUE,FALSE,FALSE,FALSE,TRUE,FALSE,"Decrease"
"Arrestee Profiles","South Dakota",2017-03-01,33466,33467,33731,TRUE,FALSE,FALSE,FALSE,TRUE,FALSE,"Decrease"
"Arrestee Profiles","Tennessee",2013-01-01,57476,57728,59583,TRUE,FALSE,FALSE,FALSE,TRUE,FALSE,"Decrease"
"Arrestee Profiles","Tennessee",2013-06-01,59661,60052,58743,TRUE,FALSE,FALSE,FALSE,TRUE,FALSE,"Decrease"
"Arrestee Profiles","Tennessee",2013-07-01,58743,59661,58241,TRUE,FALSE,FALSE,FALSE,TRUE,FALSE,"Decrease"
"Arrestee Profiles","Tennessee",2013-08-01,58241,58743,59413,TRUE,FALSE,FALSE,FALSE,TRUE,FALSE,"Decrease"
"Arrestee Profiles","Tennessee",2014-09-01,62531,62819,65005,TRUE,FALSE,FALSE,FALSE,TRUE,FALSE,"Decrease"
"Arrestee Profiles","Tennessee",2015-02-01,72868,73048,76024,TRUE,FALSE,FALSE,FALSE,TRUE,FALSE,"Decrease"
"Arrestee Profiles","Tennessee",2015-05-01,77032,77989,77032,TRUE,FALSE,FALSE,FALSE,TRUE,FALSE,"Decrease"
"Arrestee Profiles","Tennessee",2015-11-01,79612,80416,82350,TRUE,FALSE,FALSE,FALSE,TRUE,FALSE,"Decrease"
"Arrestee Profiles","Tennessee",2016-01-01,82158,82350,83349,TRUE,FALSE,FALSE,FALSE,TRUE,FALSE,"Decrease"
"Arrestee Profiles","Tennessee",2016-12-01,97538,97873,101291,TRUE,FALSE,FALSE,FALSE,TRUE,FALSE,"Decrease"
"Arrestee Profiles","Tennessee",2017-08-01,103361,103495,104226,TRUE,FALSE,FALSE,FALSE,TRUE,FALSE,"Decrease"
"Arrestee Profiles","Tennessee",2018-01-01,109090,109252,113113,TRUE,FALSE,FALSE,FALSE,TRUE,FALSE,"Decrease"
"Arrestee Profiles","Tennessee",2019-02-01,122679,123043,122522,TRUE,FALSE,FALSE,FALSE,TRUE,FALSE,"Decrease"
"Arrestee Profiles","Tennessee",2019-03-01,122522,122679,124858,TRUE,FALSE,FALSE,FALSE,TRUE,FALSE,"Decrease"
"Arrestee Profiles","Tennessee",2019-05-01,124724,124858,127074,TRUE,FALSE,FALSE,FALSE,TRUE,FALSE,"Decrease"
"Arrestee Profiles","Tennessee",2020-09-01,136420,136577,136697,TRUE,FALSE,FALSE,FALSE,TRUE,FALSE,"Decrease"
"Arrestee Profiles","Tennessee",2020-11-01,136641,136697,138866,TRUE,FALSE,FALSE,FALSE,TRUE,FALSE,"Decrease"
"Arrestee Profiles","Tennessee",2021-02-01,139674,139707,141288,TRUE,FALSE,FALSE,FALSE,TRUE,FALSE,"Decrease"
"Arrestee Profiles","Tennessee",2021-08-01,143695,143904,145111,TRUE,FALSE,FALSE,FALSE,TRUE,FALSE,"Decrease"
"Arrestee Profiles","Utah",2017-07-01,8107,8108,8107,TRUE,FALSE,FALSE,FALSE,TRUE,FALSE,"Decrease"
"Arrestee Profiles","Vermont",2014-08-01,0,175,0,TRUE,FALSE,FALSE,FALSE,TRUE,FALSE,"Decrease"
"Arrestee Profiles","Virginia",2012-06-01,5749,5987,5570,TRUE,FALSE,FALSE,FALSE,TRUE,FALSE,"Decrease"
"Arrestee Profiles","Virginia",2012-07-01,5570,5749,5451,TRUE,FALSE,FALSE,FALSE,TRUE,FALSE,"Decrease"
"Arrestee Profiles","Virginia",2012-08-01,5451,5570,5438,TRUE,FALSE,FALSE,FALSE,TRUE,FALSE,"Decrease"
"Arrestee Profiles","Virginia",2012-09-01,5438,5451,4941,TRUE,FALSE,FALSE,FALSE,TRUE,FALSE,"Decrease"
"Arrestee Profiles","Virginia",2012-11-01,4941,5438,5076,TRUE,FALSE,FALSE,FALSE,TRUE,FALSE,"Decrease"
"Arrestee Profiles","Virginia",2013-01-01,4583,5076,4191,TRUE,FALSE,FALSE,FALSE,TRUE,FALSE,"Decrease"
"Arrestee Profiles","Virginia",2013-03-01,4191,4583,4101,TRUE,FALSE,FALSE,FALSE,TRUE,FALSE,"Decrease"
"Arrestee Profiles","Virginia",2013-04-01,4101,4191,4120,TRUE,FALSE,FALSE,FALSE,TRUE,FALSE,"Decrease"
"Arrestee Profiles","Virginia",2013-11-01,4316,4401,4232,TRUE,FALSE,FALSE,FALSE,TRUE,FALSE,"Decrease"
"Arrestee Profiles","Virginia",2013-12-01,4232,4316,4257,TRUE,FALSE,FALSE,FALSE,TRUE,FALSE,"Decrease"
"Arrestee Profiles","Virginia",2014-12-01,4499,4635,4497,TRUE,FALSE,FALSE,FALSE,TRUE,FALSE,"Decrease"
"Arrestee Profiles","Virginia",2015-01-01,4497,4499,4430,TRUE,FALSE,FALSE,FALSE,TRUE,FALSE,"Decrease"
"Arrestee Profiles","Virginia",2015-02-01,4430,4497,4455,TRUE,FALSE,FALSE,FALSE,TRUE,FALSE,"Decrease"
"Arrestee Profiles","Virginia",2015-05-01,4182,4524,4100,TRUE,FALSE,FALSE,FALSE,TRUE,FALSE,"Decrease"
"Arrestee Profiles","Virginia",2015-06-01,4100,4182,4088,TRUE,FALSE,FALSE,FALSE,TRUE,FALSE,"Decrease"
"Arrestee Profiles","Virginia",2015-09-01,4088,4100,4090,TRUE,FALSE,FALSE,FALSE,TRUE,FALSE,"Decrease"
"Arrestee Profiles","Virginia",2016-01-01,4051,4113,4091,TRUE,FALSE,FALSE,FALSE,TRUE,FALSE,"Decrease"
"Arrestee Profiles","Virginia",2016-03-01,4056,4091,4313,TRUE,FALSE,FALSE,FALSE,TRUE,FALSE,"Decrease"
"Arrestee Profiles","Virginia",2016-12-01,4293,4313,4368,TRUE,FALSE,FALSE,FALSE,TRUE,FALSE,"Decrease"
"Arrestee Profiles","Virginia",2017-04-01,4407,4409,4414,TRUE,FALSE,FALSE,FALSE,TRUE,FALSE,"Decrease"
"Arrestee Profiles","Virginia",2017-12-01,4589,4638,4606,TRUE,FALSE,FALSE,FALSE,TRUE,FALSE,"Decrease"
"Arrestee Profiles","Virginia",2018-03-01,4532,4606,4510,TRUE,FALSE,FALSE,FALSE,TRUE,FALSE,"Decrease"
"Arrestee Profiles","Virginia",2018-04-01,4510,4532,4488,TRUE,FALSE,FALSE,FALSE,TRUE,FALSE,"Decrease"
"Arrestee Profiles","Virginia",2018-05-01,4488,4510,4490,TRUE,FALSE,FALSE,FALSE,TRUE,FALSE,"Decrease"
"Arrestee Profiles","Virginia",2018-09-01,3967,4490,3935,TRUE,FALSE,FALSE,FALSE,TRUE,FALSE,"Decrease"
"Arrestee Profiles","Virginia",2018-10-01,3935,3967,3920,TRUE,FALSE,FALSE,FALSE,TRUE,FALSE,"Decrease"
"Arrestee Profiles","Virginia",2018-12-01,3920,3935,3888,TRUE,FALSE,FALSE,FALSE,TRUE,FALSE,"Decrease"
"Arrestee Profiles","Virginia",2019-01-01,3888,3920,3887,TRUE,FALSE,FALSE,FALSE,TRUE,FALSE,"Decrease"
"Arrestee Profiles","Virginia",2019-02-01,3887,3888,3851,TRUE,FALSE,FALSE,FALSE,TRUE,FALSE,"Decrease"
"Arrestee Profiles","Virginia",2019-03-01,3851,3887,3877,TRUE,FALSE,FALSE,FALSE,TRUE,FALSE,"Decrease"
"Arrestee Profiles","Virginia",2019-05-01,3873,3877,3888,TRUE,FALSE,FALSE,FALSE,TRUE,FALSE,"Decrease"
"Arrestee Profiles","Virginia",2019-08-01,3824,3888,3839,TRUE,FALSE,FALSE,FALSE,TRUE,FALSE,"Decrease"
"Arrestee Profiles","Virginia",2020-01-01,3853,3969,3879,TRUE,FALSE,FALSE,FALSE,TRUE,FALSE,"Decrease"
"Arrestee Profiles","Virginia",2020-03-01,3839,3879,4023,TRUE,FALSE,FALSE,FALSE,TRUE,FALSE,"Decrease"
"Arrestee Profiles","Virginia",2020-10-01,4316,4344,4275,TRUE,FALSE,FALSE,FALSE,TRUE,FALSE,"Decrease"
"Arrestee Profiles","Virginia",2020-11-01,4275,4316,4254,TRUE,FALSE,FALSE,FALSE,TRUE,FALSE,"Decrease"
"Arrestee Profiles","Virginia",2020-12-01,4254,4275,4251,TRUE,FALSE,FALSE,FALSE,TRUE,FALSE,"Decrease"
"Arrestee Profiles","Virginia",2021-01-01,4251,4254,4258,TRUE,FALSE,FALSE,FALSE,TRUE,FALSE,"Decrease"
"Arrestee Profiles","Virginia",2021-07-01,4317,4368,4325,TRUE,FALSE,FALSE,FALSE,TRUE,FALSE,"Decrease"
"Arrestee Profiles","Virginia",2025-03-01,3590,3840,3585,TRUE,FALSE,FALSE,FALSE,TRUE,FALSE,"Decrease"
"Arrestee Profiles","Virginia",2025-04-01,3585,3590,3527,TRUE,FALSE,FALSE,FALSE,TRUE,FALSE,"Decrease"
"Arrestee Profiles","Virginia",2025-06-01,3527,3585,NA,TRUE,FALSE,FALSE,FALSE,TRUE,FALSE,"Decrease"
"Arrestee Profiles","Wisconsin",2019-10-01,15748,15749,15989,TRUE,FALSE,FALSE,FALSE,TRUE,FALSE,"Decrease"
"Investigations Aided","Alabama",2008-07-01,2101,2127,2154,TRUE,FALSE,FALSE,FALSE,TRUE,FALSE,"Decrease"
"Investigations Aided","Alabama",2008-11-01,2234,2404,2265,TRUE,FALSE,FALSE,FALSE,TRUE,FALSE,"Decrease"
"Investigations Aided","Alabama",2009-08-01,2101,2641,2828,TRUE,FALSE,FALSE,FALSE,TRUE,FALSE,"Decrease"
"Investigations Aided","Alaska",2008-07-01,214,226,226,TRUE,FALSE,FALSE,FALSE,TRUE,FALSE,"Decrease"
"Investigations Aided","Alaska",2008-11-01,228,230,228,TRUE,FALSE,FALSE,FALSE,TRUE,FALSE,"Decrease"
"Investigations Aided","Alaska",2009-08-01,214,255,262,TRUE,FALSE,FALSE,FALSE,TRUE,FALSE,"Decrease"
"Investigations Aided","Arizona",2001-12-01,46,47,97,TRUE,FALSE,FALSE,FALSE,TRUE,FALSE,"Decrease"
"Investigations Aided","Arizona",2008-07-01,2119,2150,2245,TRUE,FALSE,FALSE,FALSE,TRUE,FALSE,"Decrease"
"Investigations Aided","Arizona",2009-08-01,2119,3023,3205,TRUE,FALSE,FALSE,FALSE,TRUE,FALSE,"Decrease"
"Investigations Aided","Arkansas",2008-11-01,505,548,505,TRUE,FALSE,FALSE,FALSE,TRUE,FALSE,"Decrease"
"Investigations Aided","Arkansas",2009-08-01,432,678,843,TRUE,FALSE,FALSE,FALSE,TRUE,FALSE,"Decrease"
"Investigations Aided","California",2008-07-01,6531,6743,7160,TRUE,FALSE,FALSE,FALSE,TRUE,FALSE,"Decrease"
"Investigations Aided","California",2009-08-01,6531,7814,7814,TRUE,FALSE,FALSE,FALSE,TRUE,FALSE,"Decrease"
"Investigations Aided","California",2024-10-01,1304657,123147,131279,FALSE,FALSE,FALSE,TRUE,TRUE,TRUE,"Magnitude Outlier"
"Investigations Aided","Colorado",2009-08-01,860,1196,1465,TRUE,FALSE,FALSE,FALSE,TRUE,FALSE,"Decrease"
"Investigations Aided","Connecticut",2009-08-01,685,907,907,TRUE,FALSE,FALSE,FALSE,TRUE,FALSE,"Decrease"
"Investigations Aided","Delaware",2009-08-01,9,10,10,TRUE,FALSE,FALSE,FALSE,TRUE,FALSE,"Decrease"
"Investigations Aided","Delaware",2015-09-01,91,93,93,TRUE,FALSE,FALSE,FALSE,TRUE,FALSE,"Decrease"
"Investigations Aided","Delaware",2023-08-01,381,2711,395,FALSE,FALSE,TRUE,FALSE,TRUE,TRUE,"Dip"
"Investigations Aided","Delaware",2024-02-01,395,381,3145,FALSE,FALSE,TRUE,FALSE,TRUE,TRUE,"Dip"
"Investigations Aided","Delaware",2025-01-01,425,3156,431,TRUE,FALSE,FALSE,FALSE,TRUE,FALSE,"Decrease"
"Investigations Aided","Florida",2009-08-01,7816,9973,10862,TRUE,FALSE,FALSE,FALSE,TRUE,FALSE,"Decrease"
"Investigations Aided","Georgia",2009-08-01,1404,2356,2487,TRUE,FALSE,FALSE,FALSE,TRUE,FALSE,"Decrease"
"Investigations Aided","Hawaii",2009-08-01,27,78,95,TRUE,FALSE,TRUE,FALSE,TRUE,FALSE,"Dip"
"Investigations Aided","Hawaii",2018-03-01,543,587,553,TRUE,FALSE,FALSE,FALSE,TRUE,FALSE,"Decrease"
"Investigations Aided","Idaho",2009-08-01,7,8,8,TRUE,FALSE,FALSE,FALSE,TRUE,FALSE,"Decrease"
"Investigations Aided","Illinois",2008-07-01,6957,7130,7531,TRUE,FALSE,FALSE,FALSE,TRUE,FALSE,"Decrease"
"Investigations Aided","Illinois",2009-08-01,6957,9245,9961,TRUE,FALSE,FALSE,FALSE,TRUE,FALSE,"Decrease"
"Investigations Aided","Indiana",2007-09-01,807,6720,870,TRUE,FALSE,FALSE,FALSE,TRUE,FALSE,"Decrease"
"Investigations Aided","Indiana",2008-07-01,1011,1044,1066,TRUE,FALSE,FALSE,FALSE,TRUE,FALSE,"Decrease"
"Investigations Aided","Indiana",2008-11-01,1187,1218,1224,TRUE,FALSE,FALSE,FALSE,TRUE,FALSE,"Decrease"
"Investigations Aided","Indiana",2009-08-01,1011,1372,1436,TRUE,FALSE,FALSE,FALSE,TRUE,FALSE,"Decrease"
"Investigations Aided","Iowa",2008-07-01,342,344,377,TRUE,FALSE,FALSE,FALSE,TRUE,FALSE,"Decrease"
"Investigations Aided","Iowa",2009-08-01,342,479,541,TRUE,FALSE,FALSE,FALSE,TRUE,FALSE,"Decrease"
"Investigations Aided","Iowa",2018-03-01,2366,2410,2391,TRUE,FALSE,FALSE,FALSE,TRUE,FALSE,"Decrease"
"Investigations Aided","Kansas",2008-07-01,674,733,701,TRUE,FALSE,FALSE,FALSE,TRUE,FALSE,"Decrease"
"Investigations Aided","Kansas",2009-08-01,674,789,867,TRUE,FALSE,FALSE,FALSE,TRUE,FALSE,"Decrease"
"Investigations Aided","Kentucky",2008-07-01,345,350,351,TRUE,FALSE,FALSE,FALSE,TRUE,FALSE,"Decrease"
"Investigations Aided","Kentucky",2009-08-01,345,412,433,TRUE,FALSE,FALSE,FALSE,TRUE,FALSE,"Decrease"
"Investigations Aided","Louisiana",2009-08-01,698,1139,1377,TRUE,FALSE,FALSE,FALSE,TRUE,FALSE,"Decrease"
"Investigations Aided","Maine",2008-07-01,61,62,62,TRUE,FALSE,FALSE,FALSE,TRUE,FALSE,"Decrease"
"Investigations Aided","Maine",2009-08-01,61,71,71,TRUE,FALSE,FALSE,FALSE,TRUE,FALSE,"Decrease"
"Investigations Aided","Maine",2018-03-01,117,203,122,TRUE,FALSE,FALSE,FALSE,TRUE,FALSE,"Decrease"
"Investigations Aided","Maryland",2008-07-01,998,1027,1119,TRUE,FALSE,FALSE,FALSE,TRUE,FALSE,"Decrease"
"Investigations Aided","Maryland",2009-08-01,998,1429,1541,TRUE,FALSE,FALSE,FALSE,TRUE,FALSE,"Decrease"
"Investigations Aided","Massachusetts",2001-09-01,14,0,0,FALSE,TRUE,FALSE,TRUE,TRUE,FALSE,"Spike"
"Investigations Aided","Massachusetts",2001-11-01,0,14,0,FALSE,FALSE,TRUE,FALSE,TRUE,FALSE,"Dip"
"Investigations Aided","Massachusetts",2002-02-01,0,0,86,FALSE,FALSE,TRUE,FALSE,TRUE,FALSE,"Dip"
"Investigations Aided","Massachusetts",2008-07-01,877,926,957,TRUE,FALSE,FALSE,FALSE,TRUE,FALSE,"Decrease"
"Investigations Aided","Massachusetts",2008-11-01,1001,1017,1024,TRUE,FALSE,FALSE,FALSE,TRUE,FALSE,"Decrease"
"Investigations Aided","Massachusetts",2009-08-01,877,1135,1209,TRUE,FALSE,FALSE,FALSE,TRUE,FALSE,"Decrease"
"Investigations Aided","Michigan",2008-07-01,2680,2713,2810,TRUE,FALSE,FALSE,FALSE,TRUE,FALSE,"Decrease"
"Investigations Aided","Michigan",2009-08-01,2680,3264,3433,TRUE,FALSE,FALSE,FALSE,TRUE,FALSE,"Decrease"
"Investigations Aided","Minnesota",2007-07-01,791,1009,791,TRUE,FALSE,FALSE,FALSE,TRUE,FALSE,"Decrease"
"Investigations Aided","Minnesota",2008-07-01,1050,1120,1161,TRUE,FALSE,FALSE,FALSE,TRUE,FALSE,"Decrease"
"Investigations Aided","Minnesota",2009-08-01,1050,1440,1534,TRUE,FALSE,FALSE,FALSE,TRUE,FALSE,"Decrease"
"Investigations Aided","Mississippi",2008-07-01,35,50,54,TRUE,FALSE,FALSE,FALSE,TRUE,FALSE,"Decrease"
"Investigations Aided","Mississippi",2008-11-01,61,68,65,TRUE,FALSE,FALSE,FALSE,TRUE,FALSE,"Decrease"
"Investigations Aided","Mississippi",2009-08-01,35,99,105,TRUE,FALSE,TRUE,FALSE,TRUE,FALSE,"Dip"
"Investigations Aided","Mississippi",2018-03-01,628,662,642,TRUE,FALSE,FALSE,FALSE,TRUE,FALSE,"Decrease"
"Investigations Aided","Missouri",2008-07-01,2428,2484,2633,TRUE,FALSE,FALSE,FALSE,TRUE,FALSE,"Decrease"
"Investigations Aided","Missouri",2009-08-01,2428,3502,3932,TRUE,FALSE,FALSE,FALSE,TRUE,FALSE,"Decrease"
"Investigations Aided","Montana",2009-08-01,25,55,61,TRUE,FALSE,TRUE,FALSE,TRUE,FALSE,"Dip"
"Investigations Aided","Montana",2018-03-01,245,249,245,TRUE,FALSE,FALSE,FALSE,TRUE,FALSE,"Decrease"
"Investigations Aided","Nevada",2008-07-01,558,578,624,TRUE,FALSE,FALSE,FALSE,TRUE,FALSE,"Decrease"
"Investigations Aided","Nevada",2009-08-01,558,934,988,TRUE,FALSE,FALSE,FALSE,TRUE,FALSE,"Decrease"
"Investigations Aided","New Hampshire",2009-08-01,23,31,35,TRUE,FALSE,FALSE,FALSE,TRUE,FALSE,"Decrease"
"Investigations Aided","New Jersey",2008-07-01,2022,2094,2179,TRUE,FALSE,FALSE,FALSE,TRUE,FALSE,"Decrease"
"Investigations Aided","New Jersey",2009-08-01,2022,2763,3036,TRUE,FALSE,FALSE,FALSE,TRUE,FALSE,"Decrease"
"Investigations Aided","New Mexico",2008-07-01,744,763,780,TRUE,FALSE,FALSE,FALSE,TRUE,FALSE,"Decrease"
"Investigations Aided","New Mexico",2009-08-01,744,965,1003,TRUE,FALSE,FALSE,FALSE,TRUE,FALSE,"Decrease"
"Investigations Aided","New York",2005-02-01,2821,4367,2915,TRUE,FALSE,FALSE,FALSE,TRUE,FALSE,"Decrease"
"Investigations Aided","New York",2008-07-01,6188,6349,6613,TRUE,FALSE,FALSE,FALSE,TRUE,FALSE,"Decrease"
"Investigations Aided","New York",2009-08-01,6188,8236,8915,TRUE,FALSE,FALSE,FALSE,TRUE,FALSE,"Decrease"
"Investigations Aided","North Carolina",2008-07-01,825,867,867,TRUE,FALSE,FALSE,FALSE,TRUE,FALSE,"Decrease"
"Investigations Aided","North Carolina",2009-08-01,825,1050,1192,TRUE,FALSE,FALSE,FALSE,TRUE,FALSE,"Decrease"
"Investigations Aided","North Dakota",2007-05-01,13,14,14,TRUE,FALSE,FALSE,FALSE,TRUE,FALSE,"Decrease"
"Investigations Aided","North Dakota",2008-07-01,30,34,32,TRUE,FALSE,FALSE,FALSE,TRUE,FALSE,"Decrease"
"Investigations Aided","North Dakota",2008-11-01,33,34,34,TRUE,FALSE,FALSE,FALSE,TRUE,FALSE,"Decrease"
"Investigations Aided","North Dakota",2009-08-01,30,54,65,TRUE,FALSE,FALSE,FALSE,TRUE,FALSE,"Decrease"
"Investigations Aided","Ohio",2006-07-01,312095,2095,2489,FALSE,TRUE,FALSE,TRUE,TRUE,FALSE,"Spike"
"Investigations Aided","Ohio",2008-11-01,4592,4595,4592,TRUE,FALSE,FALSE,FALSE,TRUE,FALSE,"Decrease"
"Investigations Aided","Ohio",2009-08-01,4317,4838,5116,TRUE,FALSE,FALSE,FALSE,TRUE,FALSE,"Decrease"
"Investigations Aided","Oklahoma",2008-06-01,4317,215,215,FALSE,TRUE,FALSE,TRUE,TRUE,FALSE,"Spike"
"Investigations Aided","Oklahoma",2018-03-01,3188,3374,3212,TRUE,FALSE,FALSE,FALSE,TRUE,FALSE,"Decrease"
"Investigations Aided","Oregon",2008-07-01,1902,1954,2083,TRUE,FALSE,FALSE,FALSE,TRUE,FALSE,"Decrease"
"Investigations Aided","Oregon",2009-08-01,1902,2374,2509,TRUE,FALSE,FALSE,FALSE,TRUE,FALSE,"Decrease"
"Investigations Aided","Pennsylvania",2008-07-01,2158,2186,2219,TRUE,FALSE,FALSE,FALSE,TRUE,FALSE,"Decrease"
"Investigations Aided","Pennsylvania",2009-08-01,2158,2740,2898,TRUE,FALSE,FALSE,FALSE,TRUE,FALSE,"Decrease"
"Investigations Aided","Rhode Island",2009-08-01,6,26,38,TRUE,FALSE,TRUE,FALSE,TRUE,FALSE,"Dip"
"Investigations Aided","Rhode Island",2012-12-01,126,129,126,TRUE,FALSE,FALSE,FALSE,TRUE,FALSE,"Decrease"
"Investigations Aided","South Carolina",2004-04-01,73,75,74,TRUE,FALSE,FALSE,FALSE,TRUE,FALSE,"Decrease"
"Investigations Aided","South Carolina",2005-07-01,0,192,0,TRUE,FALSE,FALSE,FALSE,TRUE,FALSE,"Decrease"
"Investigations Aided","South Carolina",2008-07-01,1504,1568,1646,TRUE,FALSE,FALSE,FALSE,TRUE,FALSE,"Decrease"
"Investigations Aided","South Carolina",2009-08-01,1504,2110,2315,TRUE,FALSE,FALSE,FALSE,TRUE,FALSE,"Decrease"
"Investigations Aided","South Carolina",2010-10-01,1504,2809,3045,TRUE,FALSE,FALSE,FALSE,TRUE,FALSE,"Decrease"
"Investigations Aided","South Dakota",2008-07-01,19,22,19,TRUE,FALSE,FALSE,FALSE,TRUE,FALSE,"Decrease"
"Investigations Aided","South Dakota",2008-11-01,21,23,22,TRUE,FALSE,FALSE,FALSE,TRUE,FALSE,"Decrease"
"Investigations Aided","South Dakota",2009-08-01,19,34,34,TRUE,FALSE,FALSE,FALSE,TRUE,FALSE,"Decrease"
"Investigations Aided","Tennessee",2004-04-01,60,65,60,TRUE,FALSE,FALSE,FALSE,TRUE,FALSE,"Decrease"
"Investigations Aided","Tennessee",2008-07-01,206,217,217,TRUE,FALSE,FALSE,FALSE,TRUE,FALSE,"Decrease"
"Investigations Aided","Tennessee",2009-08-01,206,260,279,TRUE,FALSE,FALSE,FALSE,TRUE,FALSE,"Decrease"
"Investigations Aided","Texas",2008-07-01,2433,2511,2433,TRUE,FALSE,FALSE,FALSE,TRUE,FALSE,"Decrease"
"Investigations Aided","Texas",2009-08-01,2433,4327,4988,TRUE,FALSE,FALSE,FALSE,TRUE,FALSE,"Decrease"
"Investigations Aided","Utah",2009-08-01,49,51,51,TRUE,FALSE,FALSE,FALSE,TRUE,FALSE,"Decrease"
"Investigations Aided","Utah",2018-03-01,113,114,114,TRUE,FALSE,FALSE,FALSE,TRUE,FALSE,"Decrease"
"Investigations Aided","Vermont",2009-07-01,57,43,0,FALSE,TRUE,FALSE,FALSE,TRUE,FALSE,"Spike"
"Investigations Aided","Vermont",2009-08-01,0,57,61,FALSE,FALSE,TRUE,FALSE,TRUE,FALSE,"Dip"
"Investigations Aided","Vermont",2018-03-01,436,445,436,TRUE,FALSE,FALSE,FALSE,TRUE,FALSE,"Decrease"
"Investigations Aided","Virginia",2008-07-01,4659,4723,4865,TRUE,FALSE,FALSE,FALSE,TRUE,FALSE,"Decrease"
"Investigations Aided","Virginia",2009-08-01,4659,5364,5535,TRUE,FALSE,FALSE,FALSE,TRUE,FALSE,"Decrease"
"Investigations Aided","Washington",2008-07-01,550,562,590,TRUE,FALSE,FALSE,FALSE,TRUE,FALSE,"Decrease"
"Investigations Aided","Washington",2009-08-01,550,788,859,TRUE,FALSE,FALSE,FALSE,TRUE,FALSE,"Decrease"
"Investigations Aided","West Virginia",2009-12-01,11,17,17,TRUE,FALSE,FALSE,FALSE,TRUE,FALSE,"Decrease"
"Investigations Aided","West Virginia",2018-03-01,416,485,416,TRUE,FALSE,FALSE,FALSE,TRUE,FALSE,"Decrease"
"Investigations Aided","Wisconsin",2008-07-01,1384,1434,1551,TRUE,FALSE,FALSE,FALSE,TRUE,FALSE,"Decrease"
"Investigations Aided","Wisconsin",2008-11-01,1641,1653,1735,TRUE,FALSE,FALSE,FALSE,TRUE,FALSE,"Decrease"
"Investigations Aided","Wisconsin",2009-08-01,1384,2011,2090,TRUE,FALSE,FALSE,FALSE,TRUE,FALSE,"Decrease"
"Investigations Aided","Wisconsin",2009-11-01,2090,1384,17,FALSE,TRUE,FALSE,FALSE,TRUE,FALSE,"Spike"
"Investigations Aided","Wisconsin",2009-12-01,17,2090,2267,FALSE,FALSE,TRUE,FALSE,TRUE,FALSE,"Dip"
"Investigations Aided","Wyoming",2004-09-01,0,5,5,TRUE,FALSE,TRUE,FALSE,TRUE,FALSE,"Dip"
"Investigations Aided","Wyoming",2009-08-01,8,11,11,TRUE,FALSE,FALSE,FALSE,TRUE,FALSE,"Decrease"
"Investigations Aided","Puerto Rico",2018-03-01,46,102,46,TRUE,FALSE,FALSE,FALSE,TRUE,FALSE,"Decrease"
"Investigations Aided","DC/FBI Lab",2004-04-01,41,146,43,TRUE,FALSE,FALSE,FALSE,TRUE,FALSE,"Decrease"
"Investigations Aided","DC/FBI Lab",2008-07-01,250,253,264,TRUE,FALSE,FALSE,FALSE,TRUE,FALSE,"Decrease"
"Investigations Aided","DC/FBI Lab",2009-08-01,250,308,320,TRUE,FALSE,FALSE,FALSE,TRUE,FALSE,"Decrease"
"Investigations Aided","DC/FBI Lab",2018-07-01,1716,1720,1736,TRUE,FALSE,FALSE,FALSE,TRUE,FALSE,"Decrease"
"Investigations Aided","DC/FBI Lab",2021-07-01,967,2403,969,TRUE,FALSE,FALSE,FALSE,TRUE,FALSE,"Decrease"
"Investigations Aided","DC/Metro PD",2021-07-01,306,965,310,TRUE,FALSE,FALSE,FALSE,TRUE,FALSE,"Decrease"
"Investigations Aided","U.S. Army",2004-04-01,19,71,19,TRUE,FALSE,FALSE,FALSE,TRUE,FALSE,"Decrease"
"NDIS Labs","Oklahoma",2008-06-01,11,3,3,FALSE,TRUE,FALSE,FALSE,TRUE,FALSE,"Spike"
